Eigvals	12
0.412656251347	0.163972724941	0.0990630564177	0.0492219501494	0.0265977044767	0.0159775919628	0.0075181499397	0.00646201217293	0.0053501916033	0.00146245495252	0.0	0.0

Proportion explained	12
0.523488047805	0.208012750061	0.125669551459	0.0624420507595	0.0337413533592	0.0202688760873	0.00953738522605	0.00819758849225	0.00678715359006	0.00185524316086	0.0	0.0

Species	0	0

Site	12	12
2016_1	-0.0776712584603	0.15588716463	0.0390277975876	-0.0192109415613	0.0712840147389	0.0387632518445	0.00787271407335	0.0352627275396	0.00244904047653	0.0168970335902	0.0	0.0
2016_3	-0.155922042825	-0.0142639575684	0.194938362336	0.0105690513203	-0.00289982098676	-0.0164029934187	-0.0213426887887	-0.00357105910457	0.0037500827984	0.00443413586909	0.0	0.0
2016_2	-0.113473559872	0.131619180963	0.0712170933404	-0.0121806282648	-0.00787185573938	-0.00833528915134	0.0448875527842	-0.00427943712377	-0.0245965947995	-0.0218850353958	0.0	0.0
2016_4	-0.11008766992	0.118865182163	0.0179269608566	0.0609468173382	-0.0868866537845	-0.021622144392	-0.0237406996894	-0.0073784336586	0.0224154992636	0.00301234414351	0.0	0.0
2017_2	0.0375858292387	-0.119896550359	-0.00202671297288	-0.029235308897	0.0409843810016	-0.0723144733524	0.036322038457	-0.0207987538949	0.0195324769123	0.0108439641856	0.0	0.0
2017_1	-0.0113015374379	-0.0806627027689	-0.0265192516875	-0.072947271912	0.0460913993666	-0.0107933356728	-0.0370973988022	0.0220512181124	0.0225359370671	-0.0211186815556	0.0	0.0
2017_3	0.589407192676	0.0720817203063	0.048130794898	0.0168742137121	-0.006664963238	0.00613768061991	-0.0043715090645	-0.00258178924108	-0.000386619617135	-0.00136664792174	0.0	0.0
2017_4	-0.0203252797124	-0.0378527220281	-0.0371781656187	-0.0832161732683	-0.00835957379925	-0.00785791386167	-0.0316126761626	-0.0199092337385	-0.0502421667779	0.00862739267261	0.0	0.0
2017_5	-0.0665858958717	0.0360790663308	-0.0844697538332	-0.0495511683506	-0.0037095357386	0.0694860602407	0.00794230662909	-0.0449333331616	0.0244019868935	-0.000373697043225	0.0	0.0
2017_6	-0.0071014871928	-0.28041684414	0.0587558146808	0.0649783052794	-0.0263058755104	0.0539675230664	0.014548673677	0.0122375676665	-0.00695473490838	-0.000291924473889	0.0	0.0
2017_7	-0.00584226749298	-0.00482841450674	-0.14180892222	-0.0395177830376	-0.0754687133279	-0.0163706169492	0.0176432920285	0.0400562359059	-5.79610761262e-05	0.00437847010152	0.0	0.0
2017_8	-0.0586820231297	0.0233888769784	-0.137994017367	0.152490887642	0.0598071970176	-0.0146577489734	-0.0110516051418	-0.00615570930142	-0.0128469462325	-0.00315735417228	0.0	0.0

Biplot	0	0

Site constraints	0	0
