Eigvals	12
0.366318457008	0.144761879503	0.0931011247857	0.0390085414925	0.0175560668536	0.00849805416394	0.00383793127231	0.00288383213663	0.00143563754772	0.000696180176172	0.0	0.0

Proportion explained	12
0.540214860395	0.213482332189	0.137297507583	0.0575264319705	0.0258901729437	0.012532197207	0.0056598499661	0.00425282686496	0.00211715441191	0.00102666646871	0.0	0.0

Species	0	0

Site	12	12
2016_1	-0.0702084417361	0.15012184186	0.0120428060246	-0.00718486930965	0.0435260884492	-0.0302750011653	0.0218822565655	0.00605125473607	-0.0094356808275	0.0143813433245	0.0	0.0
2016_3	-0.15229160158	0.028909738766	0.187230851726	0.00591453480473	0.00645995482318	-0.00115385097102	0.00360534218727	0.00504784989393	0.00679456410595	-0.00274965000406	0.0	0.0
2016_2	-0.0937732463998	0.142910610166	0.0560040962417	0.000210730326396	-0.0107752136548	0.0237708062797	-0.0246585151369	-0.0197975378144	-0.0191274660704	-0.00609271507806	0.0	0.0
2016_4	-0.0994620921323	0.109411140494	-0.00158143734662	0.0542905817009	-0.0639775546525	0.0165389382906	0.0134337295611	0.010871406048	0.0178369506271	-0.00194354076134	0.0	0.0
2017_2	0.0196000912322	-0.120558223658	0.0180964715512	-0.00746476067313	0.0398542475445	0.0554950463432	-0.0107281869545	-0.00728173144329	0.0097538445054	0.0127083203921	0.0	0.0
2017_1	-0.0195084232758	-0.0707655503838	-0.0156345113745	-0.0658665187571	0.0486411867013	0.00479159276809	0.0304498625704	-0.00918341131481	0.0023728085169	-0.0147092829315	0.0	0.0
2017_3	0.558314060438	0.063038100614	0.0423846692955	0.0149697925949	-0.00325225594464	-0.00575564419295	-0.000446289272394	-0.00040603087318	0.00164718402212	-0.00157351400819	0.0	0.0
2017_4	-0.0142318099837	-0.0342889520649	-0.0282381195746	-0.080470641125	0.00161282293202	-0.00346593186796	-0.024337460662	0.039760882865	-0.00355748205981	-0.00299164908523	0.0	0.0
2017_5	-0.0599423241566	0.0275790546417	-0.0849723567299	-0.0569327268612	-0.0104589825698	-0.0438524848424	-0.0214898989205	-0.0231093355358	0.0165175984333	0.00200871204382	0.0	0.0
2017_6	-0.0215494067627	-0.249813853844	0.0863619575609	0.045583645529	-0.0391191569489	-0.0336480829903	0.00113107634155	-0.00438926597167	-0.0091911890199	0.00218109051751	0.0	0.0
2017_7	0.0054145981655	-0.0284189290055	-0.133803667894	-0.0377275760355	-0.0597584432537	0.0226417139969	0.0196759630136	-0.00307613341184	-0.0118228132231	0.00397697282754	0.0	0.0
2017_8	-0.0523614038088	-0.0181249775861	-0.13789075948	0.134677807806	0.0472473065741	-0.00508710164846	-0.00851787929307	0.00551205282193	-0.00178831901009	-0.00519608723713	0.0	0.0

Biplot	0	0

Site constraints	0	0
