Eigvals	12
0.448337004213	0.201292431424	0.119170298385	0.0559448606487	0.0342178985083	0.0218768565686	0.0108671907264	0.00934877240035	0.00731772871465	0.00348029532226	0.0	0.0

Proportion explained	12
0.491676661218	0.220750885341	0.130690203744	0.0613529154131	0.0375256602385	0.0239916395357	0.011917695847	0.0102524956832	0.00802511590234	0.00381672707811	0.0	0.0

Species	0	0

Site	12	12
2016_1	-0.0814369665112	0.156691024143	0.0383952201344	-0.0245710632566	0.0904094943704	-0.060443220882	-0.0323392669159	-0.015138033683	-0.0249189632178	-0.0219855489183	-0.0	0.0
2016_3	-0.133948413199	-0.0335344256655	0.217155373914	-0.00902908380522	-0.0135796795749	0.0297925859147	0.00474646519315	-0.0078867471947	0.00404377198992	-0.0045911069176	-0.0	0.0
2016_2	-0.109793790325	0.145407028853	0.095111766337	-0.0189399253529	0.00340979220455	-0.013471820888	-0.0106445347236	0.0456627536093	0.0179895834872	0.0347075897335	-0.0	0.0
2016_4	-0.111823797482	0.123590884684	0.0469218450621	0.0616620372908	-0.0992844280811	0.0334811089442	0.0166869520953	-0.0247896063733	-0.0179401820473	-0.0125161586321	-0.0	0.0
2017_2	0.0348868683581	-0.130756948331	-0.0287582438755	-0.0443529315196	0.0353882906222	0.068546999959	0.00612114146314	0.0529151560925	-0.0341974246383	-0.0138011146811	-0.0	0.0
2017_1	-0.0183852141663	-0.090645101506	-0.04841986043	-0.0701493593994	0.0399096205602	0.0426432305269	-0.00801794354019	-0.0581951421276	-0.010921013525	0.02897268352	-0.0	0.0
2017_3	0.617918626255	0.0900381884681	0.0354012685073	0.0139212556044	-0.00498330578533	0.00218660369803	0.00225761575016	-0.00390248866299	0.00459748601172	0.000917800078606	-0.0	0.0
2017_4	-0.0388729156341	-0.0339649939259	-0.0619740858652	-0.0857746562131	-0.0190022398456	0.0132595516068	-0.0185527917566	-0.00296602623151	0.0618634041395	-0.0229723505243	-0.0	0.0
2017_5	-0.0675573516755	0.0515079617235	-0.0902268295952	-0.0356926804232	0.0175456074427	-0.041886140118	0.0867252237764	0.000773061488459	0.0028785922519	0.000645276642251	-0.0	0.0
2017_6	0.0310999639056	-0.31803772738	0.0689545301484	0.0617454090845	-0.013780217971	-0.0731764280936	-0.000902339957498	-0.000468930795244	0.00114474350887	0.00140469187526	-0.0	0.0
2017_7	-0.0352545068393	0.0157167548573	-0.158482200355	-0.0247717282355	-0.0942156582467	-0.0338278484346	-0.0366826310122	0.0119134510832	-0.0232234484518	0.00698038317296	-0.0	0.0
2017_8	-0.0868325026868	0.0239873540804	-0.114078783982	0.175952726226	0.0581827243046	0.0328953777667	-0.00939789037218	0.00208255279493	0.0186834504911	0.00223785465084	-0.0	0.0

Biplot	0	0

Site constraints	0	0
