Eigvals	12
0.248372568233	0.0676256763331	0.0248139390903	0.0113293651228	0.0051217724781	0.00396362728677	0.00134487265634	0.000504772505352	0.0	0.0	0.0	0.0

Proportion explained	12
0.68407760935	0.186257328358	0.068343538307	0.0312037881792	0.0141065895375	0.0109167799728	0.00370410177813	0.00139026451747	0.0	0.0	0.0	0.0

Species	0	0

Site	12	12
2016_1	-0.103055372818	0.0817650775961	0.00907563154301	-0.0158683538809	0.00598454607887	-0.0257283298586	0.0217205266847	-0.00253376601578	0.0	0.0	0.0	0.0
2016_3	-0.21450313535	-0.0560147060938	0.0320725941497	0.0218348803464	0.0154915773152	0.0103401726425	0.00501322097818	0.00429899609291	0.0	0.0	0.0	0.0
2016_2	-0.132384749288	0.0892041890872	0.04328577681	-0.016115248588	0.0137375577731	-0.00768930927248	-0.0268939472358	-0.00161828396284	0.0	0.0	0.0	0.0
2016_4	-0.0736470695876	0.0953914410949	0.0334520508225	0.0430234672491	-0.00672498341137	0.0262967993668	0.00682463125168	0.000781202484439	0.0	0.0	0.0	0.0
2017_2	0.0540391235421	-0.0968713342201	-0.0220166157122	0.0134177766336	0.0190718302585	0.0143319640707	-0.00109981552346	0.00964408915924	0.0	0.0	0.0	0.0
2017_1	0.00270274780797	-0.0866934960865	-0.0170402566542	-0.00577128133703	0.0265467060312	0.000620595475993	0.002257114905	-0.0159851274054	0.0	0.0	0.0	0.0
2017_3	0.394523360964	0.0305760514072	0.0654149245472	0.0171292520766	0.00452759002426	-0.00642050444332	0.000878019372708	-0.000316161682365	0.0	0.0	0.0	0.0
2017_4	0.00910349454329	-0.0637153273798	0.0116766055127	-0.0446800499377	0.00495338261113	-0.0220685052095	0.00085226959314	0.00948688993414	0.0	0.0	0.0	0.0
2017_5	-0.0153409801083	0.0138170662448	0.000554359935923	-0.0413765517165	-0.041366710703	0.0102714079929	0.00264368006187	0.000819314851986	0.0	0.0	0.0	0.0
2017_6	-0.0455705346855	-0.0988809133457	-0.00359864272157	0.045397155753	-0.041083340905	-0.0210807573242	-0.00684794925307	-0.0038296836223	0.0	0.0	0.0	0.0
2017_7	0.0696602552254	-0.00278592222583	-0.0327300532907	-0.0406649756192	-0.00759873219154	0.0322083013858	-0.00164555480433	-0.00371971352256	0.0	0.0	0.0	0.0
2017_8	0.0544728597542	0.0942078739215	-0.120146374942	0.0236739290207	0.00646057711877	-0.0110818348266	-0.00370219603057	0.0029722436885	0.0	0.0	0.0	0.0

Biplot	0	0

Site constraints	0	0
