Eigvals	12
0.205514156949	0.137971004896	0.129574998586	0.105534481807	0.0716776206149	0.0590285209602	0.0526432661432	0.0520932857113	0.0448801804078	0.0438362034399	0.0409532516109	0.0

Proportion explained	12
0.217773274159	0.146201108095	0.13730427193	0.111829715193	0.0759532596536	0.0625496290334	0.0557834876226	0.0552007003288	0.0475573263534	0.0464510751548	0.0433961524752	0.0

Species	0	0

Site	12	12
2016_1	-0.174417468557	0.101216895251	0.0330085550224	-0.152994677748	0.0531225320757	-0.00929615963356	0.0458676457382	0.0713641094074	-0.0332110746352	-0.091660826042	0.0533040942832	0.0
2016_3	-0.128605216867	-0.0843342368187	0.122356089981	0.0520520514169	-0.101219338096	-0.0285726870088	-0.0931366904879	-0.069014051797	-0.0845240972326	-0.0543642036799	-0.0125471273487	0.0
2016_2	-0.170966374671	0.0367675695394	0.0361750303985	-0.105804286178	0.0133034846397	0.00106628693739	-0.0592123835832	0.0171483871968	0.0294073445061	0.142067540598	-0.0620589894637	0.0
2016_4	-0.17603416134	-0.0386663205547	0.0825413488878	0.163236221518	0.0121927018524	0.049162187274	0.108637198058	-0.0225694494744	0.0868345471669	0.00361326919858	0.0138564443241	0.0
2017_2	0.101895489724	0.0432139387115	-0.0517410535737	-0.116420768678	-0.0813180718749	0.0345801708754	-0.000691272741903	-0.080754900421	0.107071100905	-0.0724009571688	-0.0609773442755	0.0
2017_1	0.0901373771864	-0.0240982274485	-0.0452680526241	-0.00731490719538	-0.133523348083	-0.0325405175815	0.126691584803	0.0606483566546	-0.0757530791216	0.0413676009046	-0.0441172119226	0.0
2017_3	0.215657889818	0.226345650839	0.173667404938	0.0712191831945	0.0374661288176	-0.00468924512955	-0.0156354633614	-0.00451712140674	-0.0162483808037	0.0169498887256	0.00566517686344	0.0
2017_4	0.0636046917458	-0.0321385995815	-0.0636876202405	-0.0241040783758	-0.0764521293193	0.0197574419907	-0.038293060657	-0.00809836029499	0.0270282319086	0.054055258643	0.163466345625	0.0
2017_5	0.0119605254538	0.00902223667559	-0.138675557099	0.0717366428021	0.0401303391086	0.172820923801	-0.0511696017426	0.046079162296	-0.0548804082698	-0.0185926759441	-0.0315244302227	0.0
2017_6	0.170657324954	-0.25076238604	0.113131288869	-0.0661679833745	0.1029001728	0.00144548755244	0.000327724694269	0.0358786447458	0.01175526484	-0.0076076675569	-0.00918971534551	0.0
2017_7	-0.00186870760775	0.00696823801685	-0.120094625395	0.113093300656	0.0142653491056	-0.136635589571	-0.0660200555789	0.0923999444577	0.0599004686152	-0.0352323078592	-0.0199591505473	0.0
2017_8	-0.00202136983854	0.00646524140983	-0.141412809164	0.0014693019629	0.119132178974	-0.0670982995068	0.0426343748601	-0.138564721364	-0.0573799178792	0.0218050801812	0.00408190803036	0.0

Biplot	0	0

Site constraints	0	0
