# Constructed from biom file
#OTU ID	2016_1	2016_3	2016_2	2016_4	2017_2	2017_1	2017_3	2017_4	2017_5	2017_6	2017_7	2017_8
k__Archaea;p__Crenarchaeota;c__MBGA;o__NRP-J	0.0	0.0	1.03478748569e-06	0.0	9.14058401019e-07	0.0	0.0	0.0	1.67340771073e-06	5.89506200131e-06	0.0	9.28880281265e-07
k__Archaea;p__Crenarchaeota;c__MCG;o__pGrfC26	1.40140420702e-06	0.0	4.13914994278e-06	0.0	0.0	0.0	0.0	0.0	0.0	0.0	0.0	0.0
k__Archaea;p__Crenarchaeota;c__Thaumarchaeota;o__Cenarchaeales	2.10210631052e-06	0.0	1.03478748569e-06	0.0	0.0	0.0	0.0	0.0	0.0	0.0	0.0	0.0
k__Archaea;p__Crenarchaeota;c__Thaumarchaeota;o__Nitrososphaerales	0.0550184284653	0.0259102367194	0.0358967778787	0.0353938480583	0.0225872971476	0.0274826691098	0.0033247019879	0.0167174961239	0.0191638651033	0.00629494370707	0.0218947862652	0.0544936905807
k__Archaea;p__Euryarchaeota;c__Methanobacteria;o__Methanobacteriales	1.19119357596e-05	1.2724799489e-06	7.03655490272e-05	0.0	9.14058401019e-07	0.0	0.0	0.0	0.0	0.0	1.38093890036e-06	0.0
k__Archaea;p__Euryarchaeota;c__Methanomicrobia;o__Methanocellales	0.0	1.2724799489e-06	1.03478748569e-06	0.0	0.0	0.0	1.44176148651e-06	0.0	0.0	0.0	0.0	0.0
k__Archaea;p__Euryarchaeota;c__Methanomicrobia;o__Methanomicrobiales	3.50351051754e-06	0.0	4.13914994278e-06	0.0	0.0	0.0	0.0	1.1358537929e-06	0.0	0.0	0.0	9.28880281265e-07
k__Archaea;p__Euryarchaeota;c__Methanomicrobia;o__Methanosarcinales	1.12112336561e-05	1.2724799489e-06	2.48348996567e-05	2.6911380823e-06	0.0	0.0	1.44176148651e-06	1.1358537929e-06	0.0	0.0	2.76187780072e-06	0.0
k__Archaea;p__Euryarchaeota;c__Thermoplasmata;o__E2	3.50351051754e-06	0.0	4.13914994278e-06	0.0	0.0	0.0	0.0	0.0	0.0	0.0	0.0	0.0
k__Archaea;p__[Parvarchaeota];c__[Micrarchaea];o__[Micrarchaeles]	1.40140420702e-06	0.0	0.0	0.0	6.39840880714e-05	1.22156054359e-06	0.0	0.0	0.0	0.0	1.79522057047e-05	0.0
k__Archaea;p__[Parvarchaeota];c__[Parvarchaea];o__YLA114	0.0	4.9626718007e-05	7.24351239986e-06	1.61468284938e-05	6.76403216754e-05	1.95449686975e-05	1.44176148651e-06	4.5434151716e-05	3.34681542146e-06	0.0	8.28563340215e-06	2.41508873129e-05
k__Bacteria;p__;c__;o__	0.000208108524742	7.76212768827e-05	0.000258696871424	0.000139939180279	8.50074312948e-05	0.000342036952206	2.73934682438e-05	0.000222627343408	0.000468554159004	2.94753100066e-06	0.000182283934847	0.000108678992908
k__Bacteria;p__AC1;c__;o__	0.0	0.0	0.0	0.0	0.0	0.0	0.0	0.0	1.67340771073e-06	0.0	0.0	0.0
k__Bacteria;p__AD3;c__ABS-6;o__	0.0	3.81743984669e-06	3.10436245708e-06	0.0	0.0	3.66468163078e-06	0.0	2.2717075858e-06	0.0	4.12654340092e-05	0.0	0.0
k__Bacteria;p__AD3;c__JG37-AG-4;o__	0.0	0.0	0.0	0.0	0.0	0.0	0.0	0.0	0.0	3.93004133421e-06	0.0	0.0
k__Bacteria;p__Acidobacteria;c__;o__	0.0021182224589	0.00283508532614	0.00249073347807	0.00732258672192	0.00162428177861	0.0029170865781	7.06463128392e-05	0.00253749737334	0.00166671407989	0.000278050424395	0.00743773691733	0.00410193532207
k__Bacteria;p__Acidobacteria;c__AT-s54;o__	0.000248749246745	0.000167967353254	0.000206957497139	0.000247584703571	0.000117913533731	4.03114979386e-05	1.00923304056e-05	8.97324496391e-05	6.86097161399e-05	6.77932130151e-05	2.34759613061e-05	5.10884154696e-05
k__Bacteria;p__Acidobacteria;c__Acidobacteria-5;o__	0.00518169205544	0.00473871532969	0.00885260694011	0.00892650501897	0.0103864456108	0.011474118186	0.000830454616232	0.0126988454046	0.0101692986581	0.0125053915255	0.01230692748	0.00793077984144
k__Bacteria;p__Acidobacteria;c__Acidobacteria-6;o__	3.92393177964e-05	1.52697593868e-05	4.76002243419e-05	5.38227616459e-05	1.82811680204e-06	1.22156054359e-06	0.0	1.02226841361e-05	8.36703855364e-06	0.0	5.52375560143e-06	1.85776056253e-06
k__Bacteria;p__Acidobacteria;c__Acidobacteria-6;o__BPC015	0.000625026276329	1.90871992335e-05	0.000155218122854	0.000193761941925	7.31246720815e-06	3.66468163078e-06	1.44176148651e-06	1.24943917219e-05	7.3629939272e-05	0.0	4.00472281104e-05	0.000198780380191
k__Bacteria;p__Acidobacteria;c__Acidobacteria-6;o__CCU21	0.00430581442605	0.00735493410463	0.00629150791302	0.00737371834549	0.00217911522803	0.0047384333486	0.0003099787196	0.00655274053124	0.00651122940244	0.000796815880511	0.0061507018622	0.00587238113816
k__Bacteria;p__Acidobacteria;c__Acidobacteria-6;o__iii1-15	0.257393107894	0.271463237418	0.300438129021	0.258752926613	0.0983115513216	0.126552450756	0.00971603065762	0.158395947274	0.16775242937	0.0811199831794	0.114530929579	0.130900595877
k__Bacteria;p__Acidobacteria;c__Acidobacteriia;o__Acidobacteriales	9.45947839735e-05	0.00134119386614	0.000642603028616	4.84404854813e-05	0.00312699378989	0.00307344632768	0.0139764358503	0.00227397929339	0.000215869594684	0.0753555950525	8.28563340215e-06	3.52974506881e-05
k__Bacteria;p__Acidobacteria;c__BPC102;o__	0.000117717953389	9.41635162184e-05	4.24262869135e-05	1.34556904115e-05	1.64530512183e-05	5.25271033746e-05	2.88352297303e-06	3.97548827515e-05	6.19160852969e-05	5.40380683454e-05	8.28563340215e-06	9.28880281265e-06
k__Bacteria;p__Acidobacteria;c__BPC102;o__B110	0.0	0.0	1.03478748569e-05	0.0	0.0	0.0	0.0	0.0	0.0	0.0	0.0	0.0
k__Bacteria;p__Acidobacteria;c__BPC102;o__MVS-40	0.00133133399666	0.00104470603804	0.00108031813506	0.00162813853979	0.000616075362287	0.00057779813712	4.46946060819e-05	0.000420265903373	0.00124334192907	4.6177985677e-05	0.00149003307349	0.0019831594005
k__Bacteria;p__Acidobacteria;c__DA052;o__Ellin6513	0.00032162226551	0.00229046390801	0.000924065224725	0.000212599908501	0.00156486798255	0.00134860284013	5.47869364875e-05	0.00103021939016	0.00055222454454	0.0214590081951	0.000331425336086	0.000367836591381
k__Bacteria;p__Acidobacteria;c__EC1113;o__	0.00166626960214	0.000283763028604	0.000667437928273	0.000376759331521	0.000267819111499	0.000283402046114	4.32528445954e-06	0.000189687583414	0.000548877729119	0.000455884794768	0.000237521490862	0.000714308936293
k__Bacteria;p__Acidobacteria;c__GAL08;o__	0.0	0.0	0.0	0.0	1.82811680204e-06	0.0	0.0	0.0	1.00404462644e-05	0.0	0.0	0.0
k__Bacteria;p__Acidobacteria;c__Holophagae;o__Holophagales	7.00702103508e-07	3.81743984669e-06	0.0	0.0	9.14058401019e-07	0.0	0.0	1.1358537929e-06	0.0	4.32304546763e-05	0.0	0.0
k__Bacteria;p__Acidobacteria;c__OS-K;o__	0.0	0.0	1.03478748569e-06	0.0	0.0	0.0	0.0	0.0	0.0	0.0	0.0	0.0
k__Bacteria;p__Acidobacteria;c__PAUC37f;o__	0.00665316647281	0.0019647090411	0.00664540523313	0.00562716973008	0.00470922888205	0.00544571690334	0.000299886389195	0.00469107616468	0.0085795613329	0.00124385808228	0.00470209695572	0.0121562562409
k__Bacteria;p__Acidobacteria;c__RB25;o__	0.00230040500582	0.00802934847754	0.00485936203282	0.00997874000915	0.00415439543263	0.0067222476714	0.000198963085139	0.0112585827952	0.00683587049832	0.00132442392963	0.0176525419633	0.00800973466535
k__Bacteria;p__Acidobacteria;c__S035;o__	0.000906007819835	0.000848744125914	0.000698481552843	0.000737371834549	0.0008071135681	0.0007817987479	6.77627898661e-05	0.000461156639917	0.00080490910886	0.00016309671537	0.00061589874956	0.00147877740777
k__Bacteria;p__Acidobacteria;c__Solibacteres;o__Solibacterales	0.00135375646398	0.000198506872028	0.000835073500955	0.000702387039479	0.00481982994858	0.00533455489388	0.00160035525003	0.00356998847108	0.001278483491	0.0146521766043	0.00331701523866	0.00261944239317
k__Bacteria;p__Acidobacteria;c__Sva0725;o__Sva0725	0.00112322547192	0.00071513373128	0.00152941590386	0.00143168545978	0.0015246494129	0.000665750496259	0.00153835950611	0.0013119111308	0.00220220454732	9.13734610204e-05	0.00234069143611	0.00200823916809
k__Bacteria;p__Acidobacteria;c__TM1;o__	1.89189567947e-05	4.83542380581e-05	2.89740495994e-05	5.38227616459e-05	6.12419128683e-05	0.000153916628493	0.0	5.33851282663e-05	2.51011156609e-05	0.000348791168411	9.52847841247e-05	6.87371408136e-05
k__Bacteria;p__Acidobacteria;c__[Chloracidobacteria];o__	9.59961881806e-05	6.36239974449e-05	8.48525738269e-05	3.76759331521e-05	0.000110601066523	8.4287677508e-05	1.15340918921e-05	2.83963448225e-05	0.000190768479023	2.45627583388e-05	3.4523472509e-05	8.45281055951e-05
k__Bacteria;p__Acidobacteria;c__[Chloracidobacteria];o__11-24	0.0127660916238	0.000816932127192	0.00372626973598	0.00172771064883	0.00544504589487	0.00274973278363	5.47869364875e-05	0.00280442301467	0.00716385840963	4.6177985677e-05	0.00291930483536	0.00478187568795
k__Bacteria;p__Acidobacteria;c__[Chloracidobacteria];o__DS-100	0.000329329988649	0.0015562429775	0.000711933790158	0.000565138997282	0.000499989945358	0.0010200030539	7.64133587852e-05	0.000590643972308	0.000468554159004	0.000168991777371	0.000252711818766	0.000244295513973
k__Bacteria;p__Acidobacteria;c__[Chloracidobacteria];o__Ellin7246	0.0	0.000203596791824	5.17393742847e-06	2.6911380823e-06	0.000142593110559	0.000101389525118	4.32528445954e-06	6.24719586095e-05	3.34681542146e-06	0.00199646099778	0.0	2.78664084379e-06
k__Bacteria;p__Acidobacteria;c__[Chloracidobacteria];o__PK29	0.00690331712376	0.0119485867201	0.00844697024572	0.0177345999623	0.00352826542793	0.00691769735838	0.000366207417574	0.00895961471839	0.00957523892079	0.00474945495239	0.00766144901919	0.00553519759606
k__Bacteria;p__Acidobacteria;c__[Chloracidobacteria];o__RB41	0.0387306080693	0.0325996638108	0.0391304887715	0.0145886595441	0.0432742668795	0.0405374866392	0.00347176165953	0.0350876595165	0.0539105028088	0.0227883446764	0.0163613640914	0.015485363169
k__Bacteria;p__Acidobacteria;c__iii1-8;o__	2.80280841403e-06	8.14387167294e-05	3.51827745136e-05	1.88379665761e-05	3.47342192387e-05	5.74133455489e-05	7.20880743257e-06	6.70153737811e-05	8.36703855364e-06	9.82510333552e-07	7.18088228186e-05	0.0
k__Bacteria;p__Acidobacteria;c__iii1-8;o__32-20	0.00155625937189	0.00643111366173	0.00287050048532	0.00412820581824	0.00217820116963	0.00333608184456	0.000167244332436	0.0043037500213	0.00333677497519	0.00683827192152	0.0023158345359	0.00277828092126
k__Bacteria;p__Acidobacteria;c__iii1-8;o__DS-18	0.00122903148955	0.000189599512386	0.00376766123541	0.00113835140881	0.00326867284205	0.00109940448923	0.000565170502713	0.000890509373633	0.00206833193046	0.00357339008313	0.00194850478841	0.000215500225253
k__Bacteria;p__Acidobacteria;c__iii1-8;o__SJA-36	2.03203610017e-05	0.000103070875861	8.89917237697e-05	8.61164186334e-05	8.40933728938e-05	0.000147808825775	1.00923304056e-05	7.49663503314e-05	7.53033469828e-05	7.86008266842e-05	6.62850672172e-05	6.3163859126e-05
k__Bacteria;p__Actinobacteria;c__;o__	0.0	0.0	1.03478748569e-06	0.0	0.0	0.0	0.0	0.0	0.0	0.0	0.0	0.0
k__Bacteria;p__Actinobacteria;c__Acidimicrobiia;o__Acidimicrobiales	0.00663705032443	0.00795554464051	0.0121587529569	0.0203611507306	0.0108507872785	0.0134298366163	0.00563728741227	0.0108530829912	0.0170687586494	0.0125584470835	0.026719786783	0.0324355705415
k__Bacteria;p__Actinobacteria;c__Actinobacteria;o__	0.0	1.2724799489e-06	1.03478748569e-05	5.38227616459e-06	0.000226686483453	0.000317605741335	1.58593763517e-05	0.000180600753071	4.85288236111e-05	0.000383179030085	6.62850672172e-05	0.000155123006971
k__Bacteria;p__Actinobacteria;c__Actinobacteria;o__Actinomycetales	0.0162114438668	0.00418645903187	0.0248887086059	0.0270970693506	0.0334170610829	0.0224205222171	0.101351507217	0.0209667251631	0.0142189453181	0.0299871978904	0.0230147277134	0.0339412854774
k__Bacteria;p__Actinobacteria;c__Actinobacteria;o__Bifidobacteriales	2.10210631052e-06	1.2724799489e-06	0.0	2.6911380823e-06	0.0	0.0	0.0	0.0	0.0	0.0	0.0	1.85776056253e-06
k__Bacteria;p__Actinobacteria;c__Actinobacteria;o__Micrococcales	3.08308925543e-05	5.21716779048e-05	6.4156824113e-05	0.000169541699185	0.0008071135681	0.000658421132997	3.31605141898e-05	0.000373695897864	0.00089527312524	4.02829236756e-05	0.000631089077464	0.00166734010487
k__Bacteria;p__Actinobacteria;c__Coriobacteriia;o__Coriobacteriales	4.90491472455e-06	0.0	0.0	2.6911380823e-06	9.14058401019e-07	1.22156054359e-06	0.0	0.0	1.67340771073e-06	1.9650206671e-06	2.76187780072e-06	2.78664084379e-06
k__Bacteria;p__Actinobacteria;c__MB-A2-108;o__	0.000232633098365	1.2724799489e-06	7.34699114843e-05	1.61468284938e-05	0.0	0.0	0.0	0.0	3.6814969636e-05	9.82510333552e-07	0.0	5.38750563134e-05
k__Bacteria;p__Actinobacteria;c__MB-A2-108;o__0319-7L14	0.00741833316984	0.00402230911846	0.00632048196262	0.0148981404236	0.0095007230202	0.01492136204	0.00127595891556	0.00828264585783	0.0174988244311	0.00279917194029	0.0125306395819	0.0318550203657
k__Bacteria;p__Actinobacteria;c__Nitriliruptoria;o__Euzebyales	4.20421262105e-06	0.0	5.17393742847e-06	0.0	9.14058401019e-07	0.0	7.20880743257e-06	0.0	0.0	0.0	0.0	5.57328168759e-06
k__Bacteria;p__Actinobacteria;c__OPB41;o__	1.40140420702e-06	1.2724799489e-06	3.10436245708e-06	0.0	0.0	0.0	5.76704594606e-06	1.1358537929e-05	0.0	0.0	6.90469450179e-06	0.0
k__Bacteria;p__Actinobacteria;c__Rubrobacteria;o__Rubrobacterales	0.003716523957	0.00126866250905	0.00179432150019	0.00301945692833	0.00165353164744	0.000991907161399	0.000142734387165	0.0012164994122	0.00171356949579	5.60030890125e-05	0.00204240863363	0.00518686749058
k__Bacteria;p__Actinobacteria;c__Thermoleophilia;o__	0.0	0.0	0.0	0.0	0.0	0.0	0.0	0.0	0.0	0.0	1.38093890036e-06	0.0
k__Bacteria;p__Actinobacteria;c__Thermoleophilia;o__Gaiellales	0.0137765040571	0.00885646044432	0.0131293836185	0.0316020345004	0.0273861037529	0.0242797373645	0.002726370971	0.02101670273	0.0294252011854	0.0424031809755	0.0302743235126	0.0385215941443
k__Bacteria;p__Actinobacteria;c__Thermoleophilia;o__Solirubrobacterales	0.011277800356	0.005826685686	0.00981702887678	0.0209047606233	0.0263724129862	0.0162040006108	0.00695505741094	0.0179203652906	0.0153635561922	0.0155747538075	0.0161445566841	0.0321810573444
k__Bacteria;p__Armatimonadetes;c__;o__	1.61161483807e-05	3.81743984669e-06	4.65654368562e-05	1.07645523292e-05	0.0	1.22156054359e-05	0.0	5.6792689645e-06	5.02022313218e-06	2.75102893395e-05	6.90469450179e-06	4.64440140632e-06
k__Bacteria;p__Armatimonadetes;c__0319-6E2;o__	0.000353153860168	0.00048481486053	0.000381836582221	0.000409052988509	0.000223030249849	0.000113605130554	1.29758533786e-05	9.88192799823e-05	0.000421698743103	0.000191589515043	8.28563340215e-05	0.000474657823726
k__Bacteria;p__Armatimonadetes;c__Armatimonadia;o__Armatimonadales	1.33133399666e-05	6.36239974449e-06	6.82959740558e-05	9.1498694798e-05	4.9359153655e-05	9.77248434876e-06	4.03693216224e-05	9.0868303432e-06	6.69363084291e-06	5.10905373447e-05	8.28563340215e-06	2.78664084379e-06
k__Bacteria;p__Armatimonadetes;c__Armatimonadia;o__FW68	4.20421262105e-06	3.56294385691e-05	6.20872491416e-06	1.34556904115e-05	3.38201608377e-05	4.15330584822e-05	4.90198905415e-05	1.81736606864e-05	1.67340771073e-05	0.000113971198692	2.76187780072e-06	4.64440140632e-06
k__Bacteria;p__Armatimonadetes;c__Chthonomonadetes;o__Chthonomonadales	3.08308925543e-05	7.12588771382e-05	4.76002243419e-05	5.65138997282e-05	0.000110601066523	9.77248434876e-05	4.32528445954e-06	6.58795199882e-05	5.02022313218e-05	0.000137551446697	5.79994338151e-05	3.34396901255e-05
k__Bacteria;p__Armatimonadetes;c__Chthonomonadetes;o__SJA-22	1.68168504842e-05	0.000100525915963	0.000102443961084	2.96025189052e-05	0.000343685958783	5.37486639182e-05	4.32528445954e-06	3.74831751657e-05	1.50606693966e-05	0.000655334392479	1.51903279039e-05	3.71552112506e-06
k__Bacteria;p__Armatimonadetes;c__OPB50;o__	0.0	7.63487969338e-06	0.0	0.0	3.65623360408e-06	0.0	0.0	0.0	0.0	1.57201653368e-05	0.0	0.0
k__Bacteria;p__Armatimonadetes;c__SHA-37;o__	7.00702103508e-07	0.0	0.0	0.0	3.65623360408e-05	3.66468163078e-06	0.00769035576906	1.1358537929e-06	0.0	0.0	0.0	9.28880281265e-07
k__Bacteria;p__Armatimonadetes;c__SJA-176;o__	0.0	0.0	0.0	0.0	4.5702920051e-06	2.44312108719e-06	0.0	2.2717075858e-06	0.0	6.87757233487e-06	0.0	0.0
k__Bacteria;p__Armatimonadetes;c__SJA-176;o__GAB-B06	7.00702103508e-07	0.0	1.03478748569e-06	2.6911380823e-06	0.0	0.0	0.0	0.0	0.0	0.0	0.0	0.0
k__Bacteria;p__Armatimonadetes;c__SJA-176;o__RB046	7.00702103508e-07	0.0	5.17393742847e-06	0.0	9.14058401019e-07	0.0	0.0	0.0	0.0	0.0	0.0	1.85776056253e-06
k__Bacteria;p__Armatimonadetes;c__SJA-176;o__TP122	0.0	0.0	1.03478748569e-06	0.0	0.0	0.0	0.0	1.1358537929e-06	1.67340771073e-06	0.0	0.0	2.78664084379e-06
k__Bacteria;p__Armatimonadetes;c__[Fimbriimonadia];o__	3.85386156929e-05	0.0	2.3800112171e-05	1.07645523292e-05	3.65623360408e-06	2.44312108719e-06	0.0	9.0868303432e-06	3.34681542146e-06	0.0	1.38093890036e-06	3.06530492817e-05
k__Bacteria;p__Armatimonadetes;c__[Fimbriimonadia];o__[Fimbriimonadales]	0.000153453760668	8.52561565761e-05	0.000187296534911	0.000156086008773	0.000578598967845	0.000338372270576	5.0461652028e-05	0.000187415875828	0.000232603671791	0.00056690846246	0.000182283934847	0.000261944239317
k__Bacteria;p__BHI80-139;c__;o__	5.46547640736e-05	0.000145062714174	0.000166600785197	4.84404854813e-05	0.000106030774518	7.20720720721e-05	1.15340918921e-05	5.45209820592e-05	7.69767546935e-05	6.87757233487e-05	5.79994338151e-05	3.25108098443e-05
k__Bacteria;p__BRC1;c__PRR-11;o__	0.000301301904508	0.000225228950955	0.000359071257536	0.000169541699185	0.000397615404443	0.000171018476103	0.0178273807807	0.000151068554456	9.203742409e-05	8.3513378352e-05	0.000157427034641	4.45862535007e-05
k__Bacteria;p__Bacteroidetes;c__;o__	2.80280841403e-06	0.0	1.03478748569e-06	0.0	0.0	0.0	0.0	0.0	0.0	0.0	0.0	0.0
k__Bacteria;p__Bacteroidetes;c__At12OctB3;o__	1.47147441737e-05	2.03596791824e-05	7.24351239986e-06	1.61468284938e-05	0.000124311942539	5.49702244617e-05	0.00112889924394	3.4075613787e-06	1.17138539751e-05	1.9650206671e-06	2.07140835054e-05	2.04353661878e-05
k__Bacteria;p__Bacteroidetes;c__BME43;o__	2.10210631052e-06	7.63487969338e-06	3.10436245708e-06	1.61468284938e-05	2.46795768275e-05	1.22156054359e-06	0.0	0.0	5.02022313218e-06	0.0	2.76187780072e-06	0.0
k__Bacteria;p__Bacteroidetes;c__Bacteroidia;o__Bacteroidales	2.52252757263e-05	4.58092781603e-05	2.89740495994e-05	1.88379665761e-05	1.91952264214e-05	2.32096503283e-05	0.00218859393653	4.08907365444e-05	1.17138539751e-05	1.9650206671e-05	0.000229235857459	6.03772182822e-05
k__Bacteria;p__Bacteroidetes;c__Cytophagia;o__Cytophagales	0.0256050562664	0.0067505061289	0.0188631410767	0.0112731774267	0.0193277648896	0.0287323255459	0.00922294822923	0.0271616717496	0.024609133794	0.00842895615155	0.031113934364	0.00852990762286
k__Bacteria;p__Bacteroidetes;c__Flavobacteriia;o__Flavobacteriales	0.00627548803902	0.00341406370289	0.00422193294163	0.00362227185877	0.0059167000298	0.00666605588639	0.0271555775985	0.00618813146372	0.00436592071729	0.00618490254971	0.00860048747143	0.00227297004826
k__Bacteria;p__Bacteroidetes;c__Sphingobacteriia;o__Sphingobacteriales	0.00937679554914	0.0047883420477	0.00405947130638	0.00242740655023	0.0201686986185	0.0106116964422	0.0297622823661	0.0167424849073	0.00819969778257	0.0115160036196	0.0109439407853	0.00393380799116
k__Bacteria;p__Bacteroidetes;c__VC2_1_Bac22;o__	4.1341424107e-05	0.0	3.00088370851e-05	1.07645523292e-05	0.000121569767336	9.40601618568e-05	5.76704594606e-06	2.61246372367e-05	3.6814969636e-05	1.37551446697e-05	2.48569002065e-05	8.35992253138e-06
k__Bacteria;p__Bacteroidetes;c__[Rhodothermi];o__[Rhodothermales]	0.0	0.0	0.0	0.0	1.82811680204e-06	0.0	5.91122209471e-05	1.1358537929e-06	1.67340771073e-06	0.0	0.0	0.0
k__Bacteria;p__Bacteroidetes;c__[Saprospirae];o__[Saprospirales]	0.0234553022128	0.0234365356988	0.0256140946334	0.0286094889529	0.07141629693	0.0616387234692	0.287965905224	0.0617472838896	0.0365070626172	0.0387207322453	0.0702207430832	0.0191144984279
k__Bacteria;p__Chlamydiae;c__Chlamydiia;o__	0.0	0.0	0.0	0.0	9.14058401019e-07	0.0	0.0	0.0	0.0	0.0	0.0	0.0
k__Bacteria;p__Chlamydiae;c__Chlamydiia;o__Chlamydiales	7.00702103508e-06	5.08991979559e-06	8.27829988555e-06	1.07645523292e-05	7.31246720815e-05	5.98564666361e-05	0.000333046903385	3.29397599941e-05	3.84883773467e-05	4.71604960105e-05	8.14753951211e-05	0.000126327718252
k__Bacteria;p__Chlorobi;c__;o__	0.000224925375226	8.14387167294e-05	0.000162461635254	9.1498694798e-05	0.000558489683023	0.000276072682852	0.000709346651365	0.000179464899278	0.000493655274665	0.000643544268477	0.000332806274986	0.000194135978784
k__Bacteria;p__Chlorobi;c__BSV26;o__A89	2.80280841403e-06	5.85340776493e-05	2.06957497139e-06	0.0	0.000149905577767	1.22156054359e-06	0.0	5.6792689645e-06	0.0	0.0	1.24284501032e-05	0.0
k__Bacteria;p__Chlorobi;c__BSV26;o__PK329	7.00702103508e-07	0.0	3.10436245708e-06	0.0	9.14058401019e-07	0.0	0.0	1.1358537929e-06	6.35894930077e-05	0.0	0.0	0.0
k__Bacteria;p__Chlorobi;c__Ignavibacteria;o__Ignavibacteriales	0.0	0.0	2.06957497139e-06	0.0	0.0	0.0	0.0	0.0	4.01617850575e-05	0.0	0.0	0.0
k__Bacteria;p__Chlorobi;c__OPB56;o__	4.06407220034e-05	4.70817581092e-05	2.79392621137e-05	3.76759331521e-05	0.000173671096194	2.80958925027e-05	0.000149943194597	4.08907365444e-05	4.01617850575e-05	0.0	7.73325784201e-05	3.34396901255e-05
k__Bacteria;p__Chlorobi;c__SJA-28;o__	4.20421262105e-05	0.000178147192846	0.000172809510111	0.000252966979736	0.000345514075585	0.00135104596122	5.91122209471e-05	0.000920041572249	0.000640915153209	4.91255166776e-06	0.000439138570314	0.000395702999819
k__Bacteria;p__Chloroflexi;c__;o__	2.10210631052e-06	8.90735964228e-06	9.31308737125e-06	1.34556904115e-05	1.82811680204e-06	0.0	0.0	1.1358537929e-06	1.67340771073e-06	3.93004133421e-06	4.14281670108e-06	4.64440140632e-06
k__Bacteria;p__Chloroflexi;c__Anaerolineae;o__	1.40140420702e-06	0.0	1.03478748569e-06	0.0	2.74217520306e-06	0.0	0.0	0.0	1.17138539751e-05	0.0	0.0	9.28880281265e-07
k__Bacteria;p__Chloroflexi;c__Anaerolineae;o__A31	6.30631893157e-06	0.0	8.27829988555e-06	1.88379665761e-05	6.39840880714e-06	7.32936326157e-06	0.0	0.0	1.67340771073e-05	0.0	2.89997169075e-05	6.50216196885e-06
k__Bacteria;p__Chloroflexi;c__Anaerolineae;o__Anaerolineales	0.0	0.0	2.06957497139e-06	0.0	0.0	0.0	1.44176148651e-06	0.0	0.0	0.0	0.0	0.0
k__Bacteria;p__Chloroflexi;c__Anaerolineae;o__Ardenscatenales	7.00702103508e-07	0.0	0.0	0.0	1.82811680204e-06	0.0	1.00923304056e-05	0.0	0.0	0.0	0.0	0.0
k__Bacteria;p__Chloroflexi;c__Anaerolineae;o__CFB-26	9.73975923876e-05	3.18119987224e-05	0.00057430705456	0.000204526494254	0.000105116716117	4.64193006566e-05	8.65056891908e-06	0.000120400502047	3.6814969636e-05	0.0	0.000207140835054	2.04353661878e-05
k__Bacteria;p__Chloroflexi;c__Anaerolineae;o__Caldilineales	0.000692994380369	0.000389378864363	0.000506011080504	0.000516698511801	0.000447888616499	0.000279737364483	0.000200404846625	0.000249887834438	0.000302886795642	0.000106111116024	0.000588279971553	0.000530390640602
k__Bacteria;p__Chloroflexi;c__Anaerolineae;o__DRC31	4.20421262105e-06	2.54495989779e-06	1.03478748569e-06	1.34556904115e-05	0.0	0.0	0.0	0.0	5.02022313218e-06	0.0	2.48569002065e-05	1.57909647815e-05
k__Bacteria;p__Chloroflexi;c__Anaerolineae;o__GCA004	7.00702103508e-06	0.0	3.10436245708e-06	0.0	9.14058401019e-07	7.32936326157e-06	0.0	9.0868303432e-06	2.00808925287e-05	0.0	4.14281670108e-06	8.35992253138e-06
k__Bacteria;p__Chloroflexi;c__Anaerolineae;o__H39	0.000170971313256	6.10790375471e-05	0.000253522933995	0.000126483489868	0.000314436089951	0.000344480073294	1.29758533786e-05	9.65475723965e-05	0.000219216410105	0.000224994866384	0.000165712668043	0.000238722232285
k__Bacteria;p__Chloroflexi;c__Anaerolineae;o__S0208	0.000489790770352	3.94468784158e-05	0.000317679758108	0.000438655507414	4.20466864469e-05	8.55092380516e-06	2.88352297303e-06	2.49887834438e-05	0.000210849371552	1.9650206671e-06	0.000180902995947	0.000560114809603
k__Bacteria;p__Chloroflexi;c__Anaerolineae;o__SBR1031	0.000524125173424	0.000363929265385	0.000821621263641	0.0005624478592	0.000605106661475	0.000334707588945	0.000415227308116	0.000437303710266	0.000697811015374	6.97582336822e-05	0.00156184189631	0.000365049950537
k__Bacteria;p__Chloroflexi;c__Anaerolineae;o__SHA-20	1.40140420702e-06	0.0	2.06957497139e-06	0.0	0.0	0.0	0.0	2.2717075858e-06	0.0	0.0	0.0	5.57328168759e-06
k__Bacteria;p__Chloroflexi;c__Anaerolineae;o__SJA-15	0.0	0.0	2.06957497139e-06	0.0	0.0	0.0	0.0	0.0	0.0	0.0	0.0	0.0
k__Bacteria;p__Chloroflexi;c__Anaerolineae;o__WCHB1-50	1.12112336561e-05	5.08991979559e-06	2.06957497139e-05	6.45873139751e-05	4.11326280459e-05	4.76408612002e-05	1.44176148651e-06	3.74831751657e-05	4.85288236111e-05	0.0	0.000106332295328	0.000148620845002
k__Bacteria;p__Chloroflexi;c__Anaerolineae;o__envOPS12	4.06407220034e-05	2.54495989779e-06	1.3452237314e-05	5.38227616459e-06	4.11326280459e-05	2.93174530463e-05	4.32528445954e-06	1.70378068935e-05	3.01213387931e-05	0.0	2.89997169075e-05	4.27284929382e-05
k__Bacteria;p__Chloroflexi;c__C0119;o__	0.0	6.36239974449e-06	0.0	0.0	7.86090224877e-05	3.05390135899e-05	1.44176148651e-06	5.6792689645e-05	2.34277079502e-05	0.0	8.00944562208e-05	3.80840915319e-05
k__Bacteria;p__Chloroflexi;c__Chloroflexi;o__AKIW781	1.19119357596e-05	1.2724799489e-05	1.13826623426e-05	2.6911380823e-06	7.31246720815e-06	1.83234081539e-05	7.20880743257e-06	1.1358537929e-05	1.00404462644e-05	1.9650206671e-06	1.9333144605e-05	9.28880281265e-07
k__Bacteria;p__Chloroflexi;c__Chloroflexi;o__Chloroflexales	0.0	0.0	1.03478748569e-06	0.0	0.0	0.0	1.44176148651e-06	0.0	0.0	0.0	0.0	0.0
k__Bacteria;p__Chloroflexi;c__Chloroflexi;o__Herpetosiphonales	7.00702103508e-07	0.0	1.03478748569e-06	0.0	1.82811680204e-06	1.22156054359e-06	4.32528445954e-06	4.5434151716e-06	6.69363084291e-06	0.0	0.0	9.28880281265e-07
k__Bacteria;p__Chloroflexi;c__Chloroflexi;o__[Roseiflexales]	0.000247347842538	0.000601883015828	0.000817482113698	0.000244893565489	0.000332717257971	0.000202779050237	1.87428993247e-05	8.74607420533e-05	0.000145586470833	0.000182746922041	0.000173998301445	0.00022757566891
k__Bacteria;p__Chloroflexi;c__Ellin6529;o__	0.00625446697591	0.00851034589822	0.00890952025183	0.00971769961517	0.00501086815439	0.0053296686517	0.000736740119609	0.00397889583653	0.00615981378319	0.00388681087953	0.00664783986633	0.00830883411591
k__Bacteria;p__Chloroflexi;c__Gitt-GS-136;o__	0.00308168785123	0.001842550966	0.00306400574514	0.00528808633171	0.000903089700207	0.0006865170255	0.000364765656088	0.000582692995758	0.00280965154631	9.82510333552e-06	0.00211283651755	0.00263523335795
k__Bacteria;p__Chloroflexi;c__Ktedonobacteria;o__	0.0	0.0	1.03478748569e-06	0.0	0.0	0.0	0.0	0.0	0.0	0.0	0.0	0.0
k__Bacteria;p__Chloroflexi;c__Ktedonobacteria;o__Elev-1554	0.0	0.0	0.0	0.0	0.0	0.0	0.0	0.0	0.0	9.82510333552e-06	0.0	0.0
k__Bacteria;p__Chloroflexi;c__Ktedonobacteria;o__JG30-KF-AS9	3.50351051754e-06	4.32643182625e-05	9.20960862268e-05	0.0	1.00546424112e-05	8.55092380516e-06	4.32528445954e-06	9.0868303432e-06	0.0	0.000229907418051	0.0	0.0
k__Bacteria;p__Chloroflexi;c__Ktedonobacteria;o__Ktedonobacterales	1.40140420702e-06	3.56294385691e-05	1.44870247997e-05	8.07341424689e-06	3.29061024367e-05	0.0	1.44176148651e-06	6.8151227574e-06	1.67340771073e-06	0.000241697542054	5.3856617114e-05	0.000121683316846
k__Bacteria;p__Chloroflexi;c__Ktedonobacteria;o__TK10	7.00702103508e-07	0.0	2.06957497139e-06	0.0	0.0	0.0	0.0	0.0	0.0	0.0	0.0	0.0
k__Bacteria;p__Chloroflexi;c__Ktedonobacteria;o__Thermogemmatisporales	0.0	0.0	5.17393742847e-06	0.0	0.0	0.0	0.0	0.0	0.0	4.91255166776e-06	0.0	0.0
k__Bacteria;p__Chloroflexi;c__P2-11E;o__	7.70772313858e-05	1.2724799489e-06	4.55306493705e-05	1.61468284938e-05	5.11872704571e-05	5.00839822874e-05	0.0	7.9509765503e-06	9.203742409e-05	2.25977376717e-05	1.79522057047e-05	9.38169084078e-05
k__Bacteria;p__Chloroflexi;c__S085;o__	0.00432753619126	0.00202960551849	0.00318093673102	0.0027207406012	0.00166632846506	0.00182867613376	0.000224914791896	0.00207406902583	0.00331669408266	0.00340832834709	0.00469657320012	0.00466669453308
k__Bacteria;p__Chloroflexi;c__SAR202;o__	2.38238715193e-05	0.0	0.0	2.6911380823e-06	0.0	0.0	0.0	1.1358537929e-06	5.02022313218e-06	0.0	0.0	0.0
k__Bacteria;p__Chloroflexi;c__SHA-26;o__	0.0	0.0	0.0	0.0	0.0	0.0	0.0	0.0	0.0	6.87757233487e-06	0.0	0.0
k__Bacteria;p__Chloroflexi;c__TK10;o__	0.000125425676528	0.000213776631415	0.000310436245708	9.68809709626e-05	0.000360139010002	0.000228431821652	2.88352297303e-05	0.00011358537929	0.000150606693966	1.86676963375e-05	0.000168474545844	0.00024243775341
k__Bacteria;p__Chloroflexi;c__TK10;o__AKYG885	0.000845747438934	0.000953087481724	0.00125623200763	0.000901531257569	0.000873839831375	0.000983356237594	0.000203288369598	0.000515677621976	0.00089527312524	0.000718215053827	0.00107298952558	0.00122333533043
k__Bacteria;p__Chloroflexi;c__TK10;o__B07_WMSP1	0.000522723769217	0.00161986697495	0.00114757932163	0.00101186791894	0.000741301363227	0.00079523591388	4.61363675684e-05	0.000696278375048	0.000627527891523	0.00342404851243	0.000637993771966	0.000794192640482
k__Bacteria;p__Chloroflexi;c__TK17;o__	9.389408187e-05	3.43569586202e-05	0.000109687473484	8.34252805511e-05	1.82811680204e-05	2.19880897847e-05	4.03693216224e-05	4.77058593018e-05	6.02426775862e-05	0.000400864216089	6.76660061176e-05	6.87371408136e-05
k__Bacteria;p__Chloroflexi;c__TK17;o__mle1-48	0.00030760822344	0.000276128148911	0.000471863093476	0.000298716327135	0.00014350716896	2.93174530463e-05	4.46946060819e-05	0.000171513922728	0.000112118316619	0.000124778812361	0.000122903562132	3.25108098443e-05
k__Bacteria;p__Chloroflexi;c__Thermomicrobia;o__	5.60561682806e-06	0.0	6.20872491416e-06	5.38227616459e-06	1.00546424112e-05	0.0	0.00103085946286	0.0	0.0	9.82510333552e-07	1.38093890036e-06	1.85776056253e-06
k__Bacteria;p__Chloroflexi;c__Thermomicrobia;o__AKYG1722	9.80982944911e-06	2.54495989779e-06	1.03478748569e-05	0.0	9.14058401019e-07	0.0	1.15340918921e-05	0.0	0.0	0.0	1.38093890036e-06	0.0
k__Bacteria;p__Chloroflexi;c__Thermomicrobia;o__Ellin6537	0.0	1.2724799489e-06	5.17393742847e-06	0.0	2.74217520306e-06	1.22156054359e-06	0.0	1.1358537929e-06	0.0	0.000121831281361	0.0	0.0
k__Bacteria;p__Chloroflexi;c__Thermomicrobia;o__JG30-KF-CM45	0.00206286699273	0.000662962053375	0.00203025304693	0.00144245001211	0.000577684909444	0.000339593831119	0.00480539103455	0.000385054435793	0.000408311481418	2.55452686724e-05	0.000563423071346	0.000644642915198
k__Bacteria;p__Chloroflexi;c__Thermomicrobia;o__Sphaerobacterales	4.8348445142e-05	1.2724799489e-06	1.44870247997e-05	8.07341424689e-06	1.82811680204e-06	0.0	1.44176148651e-05	1.1358537929e-06	0.0	0.0	0.0	2.78664084379e-06
k__Bacteria;p__Cyanobacteria;c__4C0d-2;o__MLE1-12	0.000220721162605	0.00030030526794	0.00021627058451	0.000166850561102	0.000535638222997	0.000565582531684	4.32528445954e-05	0.000428216879923	0.000471900974425	0.000548240766122	0.000426710120211	0.000327894739287
k__Bacteria;p__Cyanobacteria;c__4C0d-2;o__SM1D11	2.03203610017e-05	2.03596791824e-05	2.89740495994e-05	8.07341424689e-06	7.03824968785e-05	5.98564666361e-05	2.88352297303e-05	2.95321986154e-05	3.84883773467e-05	7.86008266842e-06	2.62378391068e-05	1.02176830939e-05
k__Bacteria;p__Cyanobacteria;c__4C0d-2;o__SM2F09	0.0	1.2724799489e-06	0.0	2.6911380823e-06	0.0	0.0	0.0	0.0	0.0	0.0	0.0	0.0
k__Bacteria;p__Cyanobacteria;c__4C0d-2;o__YS2	0.0	0.0	0.0	0.0	0.0	0.0	0.0	0.0	0.0	0.0	1.38093890036e-06	4.64440140632e-06
k__Bacteria;p__Cyanobacteria;c__Chloroplast;o__	7.00702103508e-07	0.0	0.0	0.0	6.39840880714e-06	1.22156054359e-06	0.0	0.0	0.0	0.0	0.0	0.0
k__Bacteria;p__Cyanobacteria;c__Chloroplast;o__Chlorophyta	0.000376977731687	2.54495989779e-05	0.000132452798169	1.88379665761e-05	7.49527888836e-05	7.69583142464e-05	0.000154268479057	3.86190289586e-05	1.67340771073e-05	8.84259300197e-06	6.90469450179e-06	1.3933204219e-05
k__Bacteria;p__Cyanobacteria;c__Chloroplast;o__Euglenozoa	7.00702103508e-07	0.0	0.0	0.0	0.0	0.0	0.0	0.0	0.0	0.0	0.0	0.0
k__Bacteria;p__Cyanobacteria;c__Chloroplast;o__Stramenopiles	0.000941743627114	0.00013870031443	0.000107617898512	9.1498694798e-05	0.00307946275303	0.000412887463735	0.00943056188329	0.00026238222616	8.03235701149e-05	9.72685230217e-05	7.59516395197e-05	1.67198450628e-05
k__Bacteria;p__Cyanobacteria;c__Chloroplast;o__Streptophyta	0.00100130330591	9.79809560651e-05	0.00367763472416	0.000287951774806	0.000106030774518	0.000147808825775	0.000911193259477	0.000371424190278	0.000488635051533	0.000735900239831	0.000708421655884	0.00127349486561
k__Bacteria;p__Cyanobacteria;c__ML635J-21;o__	0.000117017251286	0.000139972794379	0.000117965773369	8.07341424689e-05	0.000473482251728	0.000389677813407	0.0017964348122	0.000179464899278	0.000140566247701	8.64609093526e-05	6.90469450179e-05	8.26703450326e-05
k__Bacteria;p__Cyanobacteria;c__Nostocophycideae;o__Nostocales	3.43344030719e-05	1.14523195401e-05	0.000512219805419	4.5749347399e-05	3.10779856347e-05	0.0	7.20880743257e-06	7.9509765503e-06	0.0	9.82510333552e-07	1.79522057047e-05	1.85776056253e-06
k__Bacteria;p__Cyanobacteria;c__Nostocophycideae;o__Stigonematales	0.0	0.0	0.0	0.0	1.82811680204e-06	0.0	0.0	0.0	0.0	0.0	0.0	0.0
k__Bacteria;p__Cyanobacteria;c__Oscillatoriophycideae;o__Chroococcales	0.0	0.0	0.0	0.0	3.65623360408e-06	0.0	2.88352297303e-06	0.0	0.0	0.0	0.0	0.0
k__Bacteria;p__Cyanobacteria;c__Oscillatoriophycideae;o__Oscillatoriales	7.00702103508e-07	0.0	1.03478748569e-06	0.0	0.000129796292945	0.0	1.58593763517e-05	0.0	0.0	1.9650206671e-06	0.0	0.0
k__Bacteria;p__Cyanobacteria;c__Synechococcophycideae;o__Pseudanabaenales	0.0	0.0	0.0	0.0	8.22652560917e-06	0.0	1.44176148651e-06	0.0	0.0	0.0	0.0	0.0
k__Bacteria;p__Cyanobacteria;c__Synechococcophycideae;o__Synechococcales	0.0	0.0	0.0	2.6911380823e-06	7.31246720815e-06	0.0	1.44176148651e-06	0.0	0.0	0.0	0.0	0.0
k__Bacteria;p__Elusimicrobia;c__Elusimicrobia;o__Elusimicrobiales	2.52252757263e-05	6.99863971893e-05	0.000140731098054	0.000161468284938	0.000148077460965	0.000368911284166	1.44176148651e-05	0.000180600753071	0.000162320547941	0.000257417707391	0.000209902712854	3.06530492817e-05
k__Bacteria;p__Elusimicrobia;c__Elusimicrobia;o__FAC88	0.00036156228541	0.000548438857975	0.000562924392218	0.000589359240023	0.0021553497096	0.0024125820736	0.000211938938518	0.00177420362451	0.00260382239789	0.0019355453571	0.00214045529556	0.00131715223883
k__Bacteria;p__Elusimicrobia;c__Elusimicrobia;o__IIb	0.000365766498031	0.000291397908297	0.000164531210225	0.000247584703571	0.000568544325434	0.000724385402352	0.000165802570949	0.000791690093651	0.000635894930077	0.00284731494663	0.00134641542785	0.0003966318801
k__Bacteria;p__Elusimicrobia;c__Elusimicrobia;o__MVP-88	1.19119357596e-05	0.0	1.55218122854e-05	5.38227616459e-06	0.0	2.44312108719e-06	1.44176148651e-06	7.9509765503e-06	2.34277079502e-05	0.0	2.48569002065e-05	1.67198450628e-05
k__Bacteria;p__Elusimicrobia;c__Endomicrobia;o__	5.60561682806e-06	0.0	1.03478748569e-06	0.0	0.0	1.22156054359e-06	0.0	0.0	1.17138539751e-05	0.0	0.0	8.35992253138e-06
k__Bacteria;p__FBP;c__;o__	8.40842524209e-06	1.2724799489e-05	5.17393742847e-06	4.03670712344e-05	0.000306209564341	8.4287677508e-05	0.00279557552235	7.9509765503e-06	1.33872616858e-05	0.000124778812361	0.0	3.71552112506e-06
k__Bacteria;p__FCPU426;c__;o__	0.0	0.0	0.0	0.0	3.65623360408e-06	2.80958925027e-05	0.0	5.6792689645e-06	0.0	0.000177834370373	0.0	0.0
k__Bacteria;p__Fibrobacteres;c__Fibrobacteria;o__258ds10	0.000704205614025	0.000731675970616	0.000971665449067	0.00132134879841	0.000754098180841	0.000484959535807	0.000853522800016	0.000557704212314	0.000473574382136	0.00097072020955	0.000426710120211	0.000290739528036
k__Bacteria;p__Fibrobacteres;c__TG3;o__TG3-1	1.54154462772e-05	0.0	1.3452237314e-05	5.38227616459e-06	1.82811680204e-06	7.32936326157e-06	0.0	2.2717075858e-06	0.0	0.0	1.38093890036e-06	2.78664084379e-06
k__Bacteria;p__Firmicutes;c__AHT28;o__	1.40140420702e-06	0.0	0.0	0.0	0.0	0.0	0.0	0.0	0.0	0.0	0.0	0.0
k__Bacteria;p__Firmicutes;c__Bacilli;o__Bacillales	0.011717841277	0.00365965233303	0.00837763948418	0.00199951559515	0.00455383895388	0.00286700259582	0.00275232267775	0.00209678610169	0.00197462109866	0.00586656920164	0.00157288940751	0.0151936947607
k__Bacteria;p__Firmicutes;c__Bacilli;o__Gemellales	0.0	1.2724799489e-06	0.0	0.0	9.14058401019e-07	1.22156054359e-06	1.44176148651e-06	0.0	0.0	0.0	0.0	0.0
k__Bacteria;p__Firmicutes;c__Bacilli;o__Haloplasmatales	1.12112336561e-05	0.0	6.20872491416e-06	5.38227616459e-06	1.82811680204e-06	0.0	1.44176148651e-06	0.0	0.0	0.0	1.38093890036e-06	1.85776056253e-06
k__Bacteria;p__Firmicutes;c__Bacilli;o__Lactobacillales	2.24224673122e-05	6.36239974449e-06	9.31308737125e-06	8.07341424689e-06	1.64530512183e-05	1.09940448923e-05	0.000583913402038	5.6792689645e-06	3.34681542146e-06	1.08076136691e-05	8.28563340215e-06	3.1581929563e-05
k__Bacteria;p__Firmicutes;c__Clostridia;o__	0.000149950250151	3.30844786713e-05	4.44958618848e-05	1.88379665761e-05	1.82811680204e-05	1.09940448923e-05	1.44176148651e-05	1.70378068935e-05	0.0	2.94753100066e-06	1.51903279039e-05	4.17996126569e-05
k__Bacteria;p__Firmicutes;c__Clostridia;o__BSA2B-08	3.50351051754e-06	0.0	0.0	0.0	0.0	0.0	0.0	0.0	0.0	0.0	0.0	1.85776056253e-06
k__Bacteria;p__Firmicutes;c__Clostridia;o__Clostridiales	0.00165645977269	0.000421190863085	0.00108963122244	0.000365994779192	0.000515528938175	0.000575355016033	0.00110871458313	0.0003680166289	0.000312927241906	0.000544310724788	0.000516471148734	0.00127349486561
k__Bacteria;p__Firmicutes;c__Clostridia;o__Halanaerobiales	2.10210631052e-05	1.2724799489e-06	7.24351239986e-06	2.6911380823e-06	9.14058401019e-07	0.0	0.0	1.1358537929e-06	1.67340771073e-06	1.9650206671e-06	0.0	2.78664084379e-06
k__Bacteria;p__Firmicutes;c__Clostridia;o__MBA08	1.47147441737e-05	0.0	2.06957497139e-06	0.0	9.14058401019e-07	0.0	5.76704594606e-06	4.5434151716e-06	0.0	0.0	0.0	1.85776056253e-06
k__Bacteria;p__Firmicutes;c__Clostridia;o__Natranaerobiales	8.40842524209e-06	1.2724799489e-06	2.06957497139e-06	2.6911380823e-06	0.0	1.22156054359e-06	1.15340918921e-05	0.0	0.0	0.0	5.52375560143e-06	3.71552112506e-06
k__Bacteria;p__Firmicutes;c__Clostridia;o__OPB54	0.000298499096094	4.58092781603e-05	0.000117965773369	3.76759331521e-05	9.14058401019e-06	1.34371659795e-05	2.88352297303e-05	1.70378068935e-05	1.67340771073e-06	1.37551446697e-05	9.66657230251e-06	5.9448338001e-05
k__Bacteria;p__Firmicutes;c__Clostridia;o__SHA-98	1.05105315526e-05	1.2724799489e-06	6.20872491416e-06	2.6911380823e-06	0.0	0.0	0.0	0.0	0.0	0.0	0.0	2.78664084379e-06
k__Bacteria;p__Firmicutes;c__Clostridia;o__Thermoanaerobacterales	2.24224673122e-05	2.54495989779e-06	1.03478748569e-06	0.0	1.82811680204e-06	0.0	2.88352297303e-06	0.0	0.0	0.0	1.38093890036e-06	2.78664084379e-06
k__Bacteria;p__Firmicutes;c__Erysipelotrichi;o__Erysipelotrichales	6.30631893157e-06	6.36239974449e-06	0.0	5.38227616459e-06	5.48435040612e-06	3.66468163078e-06	1.44176148651e-06	6.8151227574e-06	1.67340771073e-06	1.9650206671e-06	1.38093890036e-06	1.85776056253e-05
k__Bacteria;p__Fusobacteria;c__Fusobacteriia;o__Fusobacteriales	0.0	0.0	0.0	0.0	0.0	0.0	0.0	0.0	0.0	9.82510333552e-07	0.0	3.71552112506e-06
k__Bacteria;p__GAL15;c__;o__	6.30631893157e-06	0.0	1.86261747425e-05	2.96025189052e-05	4.5702920051e-06	2.44312108719e-06	0.0	0.0	1.33872616858e-05	7.86008266842e-06	8.28563340215e-06	1.95064859066e-05
k__Bacteria;p__GN02;c__;o__	0.0	0.0	0.0	2.6911380823e-06	0.0	0.0	0.0	0.0	0.0	0.0	0.0	0.0
k__Bacteria;p__GN02;c__3BR-5F;o__	0.0	2.54495989779e-06	0.0	0.0	0.0	0.0	0.0	0.0	0.0	0.0	0.0	9.28880281265e-07
k__Bacteria;p__GN02;c__BD1-5;o__	1.40140420702e-06	2.54495989779e-06	2.06957497139e-06	0.0	0.0	0.0	0.0	1.1358537929e-06	0.0	0.0	2.76187780072e-06	0.0
k__Bacteria;p__GN02;c__GKS2-174;o__	2.03203610017e-05	1.90871992335e-05	3.31131995422e-05	5.38227616459e-06	4.5702920051e-06	1.22156054359e-05	2.88352297303e-06	9.0868303432e-06	6.69363084291e-06	9.82510333552e-06	1.24284501032e-05	4.64440140632e-06
k__Bacteria;p__GN02;c__GN07;o__	0.0	0.0	0.0	0.0	1.82811680204e-06	0.0	0.0	0.0	0.0	0.0	0.0	9.28880281265e-07
k__Bacteria;p__GN04;c__;o__	0.0	0.0	2.06957497139e-06	0.0	0.0	0.0	0.0	0.0	1.33872616858e-05	0.0	0.0	4.08707323757e-05
k__Bacteria;p__GOUTA4;c__;o__	0.0	0.0	0.0	0.0	0.0	0.0	0.0	0.0	1.67340771073e-06	0.0	0.0	0.0
k__Bacteria;p__Gemmatimonadetes;c__;o__	0.00104544753843	0.00010434335581	0.00046151521862	0.000653946553998	0.000563974033429	9.52817224004e-05	3.46022756763e-05	0.00033280516132	0.00278455043065	5.89506200131e-06	0.000684945694578	0.00180202774565
k__Bacteria;p__Gemmatimonadetes;c__Gemm-1;o__	0.011745168659	0.00432897678615	0.00823380402367	0.0106461422536	0.00716438974719	0.0086388761643	0.0012081961257	0.0082065436537	0.0110511845216	0.00440754135632	0.0145040012705	0.0132523349728
k__Bacteria;p__Gemmatimonadetes;c__Gemm-2;o__	0.00120170410752	0.000128520474839	0.000600176741703	0.000705078177561	0.000329975082768	0.000477630172545	9.94815425694e-05	0.000498639815083	0.00136048046882	0.000109058647024	0.00149003307349	0.000878720746077
k__Bacteria;p__Gemmatimonadetes;c__Gemm-3;o__	4.8348445142e-05	2.16321591313e-05	5.27741617704e-05	2.6911380823e-05	0.000750441947237	3.42036952206e-05	0.000468572483117	1.59019531006e-05	4.35086004789e-05	0.0	1.65712668043e-05	2.87952887192e-05
k__Bacteria;p__Gemmatimonadetes;c__Gemm-5;o__	0.00108678896254	7.63487969338e-06	0.00034354944525	0.000137248042197	0.000692856267973	7.94014353336e-05	0.00201558255815	8.97324496391e-05	0.00156463620953	2.94753100066e-06	0.000175379240346	0.000267517521004
k__Bacteria;p__Gemmatimonadetes;c__Gemmatimonadetes;o__	0.00360861583306	0.00117831643268	0.00215442754522	0.00204526494254	0.00180892157562	0.00200213773095	0.00591410561768	0.00168901459004	0.00535825148975	0.000721162584827	0.00683702849567	0.00244481290029
k__Bacteria;p__Gemmatimonadetes;c__Gemmatimonadetes;o__C114	0.000513614641871	0.000169239833203	0.000511185017933	0.000489787130978	0.000323576673961	0.000528935715376	4.32528445954e-06	0.000361201506142	3.34681542146e-05	3.93004133421e-06	0.000599327482756	0.000474657823726
k__Bacteria;p__Gemmatimonadetes;c__Gemmatimonadetes;o__Ellin5290	0.00076306459072	0.000453002861807	0.000753325289585	0.000567830135364	0.00210050620554	0.00158925026722	0.00116638504259	0.0012801072246	0.000384883773467	0.0031184877987	0.000740183250592	0.000252655436504
k__Bacteria;p__Gemmatimonadetes;c__Gemmatimonadetes;o__Gemmatimonadales	0.000515016046078	0.000344842066151	0.000838177863412	0.000557065583035	0.000670004807947	0.000510612307222	0.000203288369598	0.000324854184769	0.00011379172433	0.000370406395749	0.000549613682343	7.33815422199e-05
k__Bacteria;p__Gemmatimonadetes;c__Gemmatimonadetes;o__KD8-87	0.000566868001738	3.30844786713e-05	0.000325958057994	9.1498694798e-05	8.50074312948e-05	5.1305542831e-05	1.58593763517e-05	0.000144253431698	0.000393250812021	1.67026756704e-05	0.0003866628921	0.000101247950658
k__Bacteria;p__Gemmatimonadetes;c__Gemmatimonadetes;o__N1423WL	0.000301301904508	3.05395187735e-05	0.000498767568105	0.000118410075621	0.00109687008122	0.000233318063827	0.000490198905415	0.000322582477184	0.000973923287644	0.00408724298758	0.000127046378833	5.66616971572e-05
k__Bacteria;p__Kazan-3B-28;c__;o__	0.0	0.0	0.0	0.0	0.0	0.0	0.0	2.2717075858e-06	0.0	0.0	0.0	0.0
k__Bacteria;p__Lentisphaerae;c__;o__	0.0	0.0	3.10436245708e-06	0.0	0.0	0.0	0.0	0.0	0.0	0.0	0.0	0.0
k__Bacteria;p__Lentisphaerae;c__[Lentisphaeria];o__Victivallales	0.0	0.0	0.0	0.0	0.0	0.0	0.0	2.2717075858e-06	0.0	0.0	0.0	0.0
k__Bacteria;p__MVP-21;c__;o__	2.80280841403e-06	0.0	3.10436245708e-06	5.38227616459e-06	0.0	0.0	0.0	0.0	0.0	0.0	2.76187780072e-06	0.0
k__Bacteria;p__NC10;c__12-24;o__	0.0	0.0	0.0	0.0	0.0	0.0	0.0	0.0	1.67340771073e-06	0.0	0.0	0.0
k__Bacteria;p__NKB19;c__;o__	9.80982944911e-06	7.63487969338e-06	2.3800112171e-05	0.0	4.5702920051e-06	6.10780271797e-06	0.0	6.8151227574e-06	1.50606693966e-05	0.0	1.38093890036e-05	5.57328168759e-06
k__Bacteria;p__NKB19;c__TSBW08;o__	1.75175525877e-05	3.81743984669e-06	7.24351239986e-06	2.6911380823e-06	1.82811680204e-05	0.0	5.6228697974e-05	4.5434151716e-06	1.8407484818e-05	0.0	0.0	2.78664084379e-06
k__Bacteria;p__Nitrospirae;c__Nitrospira;o__Nitrospirales	0.0259161680003	0.0507897646803	0.027522242757	0.0415484808526	0.0119595401189	0.0218781493358	0.000686278467581	0.0199387774806	0.0296025824028	0.0134515489767	0.0264767415366	0.0234003520456
k__Bacteria;p__OD1;c__;o__	1.40140420702e-06	1.65422393357e-05	0.0	2.6911380823e-06	5.48435040612e-06	2.44312108719e-05	9.65980195964e-05	9.0868303432e-06	6.69363084291e-06	5.6985599346e-05	6.90469450179e-06	3.71552112506e-06
k__Bacteria;p__OD1;c__ABY1;o__	0.0	1.52697593868e-05	2.06957497139e-06	2.6911380823e-06	6.39840880714e-06	2.32096503283e-05	8.65056891908e-06	1.1358537929e-06	3.34681542146e-06	5.89506200131e-06	1.65712668043e-05	0.0
k__Bacteria;p__OD1;c__Mb-NB09;o__	0.0	0.0	0.0	0.0	0.0	0.0	0.0	4.5434151716e-06	0.0	0.0	2.76187780072e-06	3.71552112506e-06
k__Bacteria;p__OD1;c__SM2F11;o__	7.14716145578e-05	8.01662367805e-05	4.55306493705e-05	3.22936569875e-05	0.000159046161777	0.000168575355016	1.00923304056e-05	5.79285434379e-05	0.000199135517577	5.60030890125e-05	8.97610285233e-05	0.00010310571122
k__Bacteria;p__OD1;c__ZB2;o__	3.50351051754e-06	3.81743984669e-06	9.31308737125e-06	2.6911380823e-06	2.37655184265e-05	4.76408612002e-05	1.73011378382e-05	7.9509765503e-06	1.17138539751e-05	3.93004133421e-06	3.59044114093e-05	1.02176830939e-05
k__Bacteria;p__OP11;c__;o__	7.00702103508e-07	1.2724799489e-06	1.03478748569e-06	0.0	1.73671096194e-05	2.07665292411e-05	6.92045513527e-05	1.24943917219e-05	3.34681542146e-06	0.0	1.38093890036e-05	1.57909647815e-05
k__Bacteria;p__OP11;c__OP11-3;o__	0.0	0.0	0.0	0.0	0.0	4.88624217438e-06	0.0	0.0	0.0	9.82510333552e-06	2.76187780072e-06	0.0
k__Bacteria;p__OP11;c__OP11-4;o__	1.40140420702e-06	0.0	0.0	0.0	0.0	0.0	5.76704594606e-06	0.0	0.0	0.0	1.38093890036e-06	9.28880281265e-07
k__Bacteria;p__OP11;c__WCHB1-64;o__	0.0	0.0	0.0	0.0	0.0	0.0	0.0	0.0	1.67340771073e-06	0.0	4.14281670108e-06	0.0
k__Bacteria;p__OP11;c__WCHB1-64;o__d153	0.0	0.0	0.0	0.0	0.0	6.10780271797e-06	4.32528445954e-06	2.2717075858e-06	0.0	9.82510333552e-07	6.90469450179e-06	0.0
k__Bacteria;p__OP3;c__;o__	4.20421262105e-06	0.0	0.0	0.0	0.0	0.0	0.0	0.0	0.0	0.0	0.0	1.85776056253e-06
k__Bacteria;p__OP3;c__PBS-25;o__	0.000135235505977	0.000139972794379	9.83048111409e-05	6.45873139751e-05	0.000141679052158	0.000214994655673	2.16264222977e-05	8.40531806746e-05	0.000210849371552	0.000255452686724	9.66657230251e-05	4.64440140632e-05
k__Bacteria;p__OP3;c__koll11;o__	0.000140140420702	1.78147192846e-05	6.82959740558e-05	3.22936569875e-05	0.000165444570585	0.000122156054359	2.01846608112e-05	2.83963448225e-05	6.52629007184e-05	0.0	5.93803727154e-05	6.59504999698e-05
k__Bacteria;p__OP3;c__koll11;o__GIF10	4.90491472455e-06	0.0	3.10436245708e-06	0.0	1.46249344163e-05	2.44312108719e-05	0.0	1.1358537929e-06	5.02022313218e-06	2.35802480053e-05	2.20950224057e-05	1.11465633752e-05
k__Bacteria;p__OP8;c__;o__	0.0	0.0	1.03478748569e-06	0.0	0.0	0.0	0.0	0.0	0.0	0.0	0.0	0.0
k__Bacteria;p__OP8;c__OP8_1;o__SHA-124	0.0	0.0	0.0	0.0	0.0	0.0	0.0	0.0	0.0	0.0	1.38093890036e-06	0.0
k__Bacteria;p__OP9;c__JS1;o__BA021	7.00702103508e-07	0.0	0.0	0.0	0.0	0.0	0.0	0.0	0.0	0.0	0.0	0.0
k__Bacteria;p__PAUC34f;c__;o__	7.00702103508e-07	0.0	1.03478748569e-06	0.0	9.14058401019e-07	0.0	0.0	1.1358537929e-06	1.67340771073e-06	0.0	0.0	3.71552112506e-06
k__Bacteria;p__Planctomycetes;c__;o__	0.000435836708382	0.000204869271772	0.000346653807708	0.000583976963858	0.000239483301067	0.000184455642083	2.30681837842e-05	0.000804184485373	0.00200139562203	0.000215169763048	0.00140717673947	0.0007932637602
k__Bacteria;p__Planctomycetes;c__028H05-P-BN-P5;o__	9.87989965946e-05	0.000166694873306	0.000175913872568	0.000150703732609	0.000318092323555	0.000196671247519	3.17187527033e-05	0.000149932700663	0.000423372150814	0.0	0.000382520075399	0.000681798126448
k__Bacteria;p__Planctomycetes;c__BD7-11;o__	6.44645935227e-05	0.000222683991057	0.000199713984739	0.000355230226863	0.00016178833698	5.00839822874e-05	2.16264222977e-05	0.000189687583414	0.000235950487213	0.000241697542054	0.000415662609008	0.00015419412669
k__Bacteria;p__Planctomycetes;c__C6;o__MVS-107	3.92393177964e-05	2.4177119029e-05	5.58785242275e-05	0.000255658117818	3.38201608377e-05	3.66468163078e-06	0.0	1.24943917219e-05	0.000107098093487	0.0	6.62850672172e-05	3.25108098443e-05
k__Bacteria;p__Planctomycetes;c__C6;o__d113	1.12112336561e-05	2.4177119029e-05	9.31308737125e-06	1.88379665761e-05	6.39840880714e-06	8.55092380516e-06	0.0	1.59019531006e-05	4.51820081897e-05	1.9650206671e-06	5.66184949147e-05	3.62263309693e-05
k__Bacteria;p__Planctomycetes;c__OM190;o__	4.6947040935e-05	1.39972794379e-05	0.000114861410912	0.000546301030706	1.09687008122e-05	2.32096503283e-05	2.88352297303e-06	0.000273740764089	0.000112118316619	0.0	0.000218188346257	5.20172957508e-05
k__Bacteria;p__Planctomycetes;c__OM190;o__CL500-15	0.00137547822919	0.00150279881965	0.00183778257459	0.00232783444119	0.000892120999395	0.00109085356543	3.02769912168e-05	0.00179464899278	0.00387393885034	9.33384816875e-05	0.00415938796788	0.000780259436263
k__Bacteria;p__Planctomycetes;c__OM190;o__agg27	0.000784085653825	0.000889463484279	0.00121794487066	0.00287682660997	0.000596880135866	0.000875858909757	9.80397810829e-05	0.00108133281084	0.00196960087553	0.000318333348071	0.00244011903693	0.00132736992193
k__Bacteria;p__Planctomycetes;c__Phycisphaerae;o__CCM11a	6.65666998332e-05	2.54495989779e-05	6.72611865701e-05	5.38227616459e-05	0.000104202657716	1.09940448923e-05	0.0	7.49663503314e-05	0.0003899039966	0.0	0.000568946826948	0.000306530492817
k__Bacteria;p__Planctomycetes;c__Phycisphaerae;o__CPla-3	1.19119357596e-05	2.54495989779e-06	6.20872491416e-06	2.6911380823e-06	3.29061024367e-05	2.93174530463e-05	0.000527684704064	2.2717075858e-06	0.0	5.01080270112e-05	0.0	9.28880281265e-07
k__Bacteria;p__Planctomycetes;c__Phycisphaerae;o__MSBL9	0.0	0.0	0.0	0.0	0.0	0.0	0.0	0.0	0.0	0.0	4.14281670108e-06	0.0
k__Bacteria;p__Planctomycetes;c__Phycisphaerae;o__Phycisphaerales	0.000428128985243	0.000366474225282	0.000497732780619	0.000643182001669	0.000451544850104	0.000370132844709	3.74857986494e-05	0.000791690093651	0.00156128939411	0.000134603915697	0.00121384529341	0.000811841365826
k__Bacteria;p__Planctomycetes;c__Phycisphaerae;o__Pla1	3.15315946578e-05	0.000128520474839	2.3800112171e-05	6.45873139751e-05	5.57575624622e-05	7.57367537029e-05	4.32528445954e-06	0.000204453682722	4.35086004789e-05	0.000131656384696	2.34759613061e-05	5.66616971572e-05
k__Bacteria;p__Planctomycetes;c__Phycisphaerae;o__S-70	5.39540619701e-05	1.2724799489e-06	9.31308737125e-06	8.07341424689e-06	1.37108760153e-05	9.77248434876e-06	0.0	1.1358537929e-05	0.000374843327203	9.82510333552e-07	0.000111856050929	0.000186704936534
k__Bacteria;p__Planctomycetes;c__Phycisphaerae;o__WD2101	0.0137029303362	0.0103032701462	0.011100165359	0.00919830996528	0.00716256163039	0.00869751107039	0.00259372891424	0.00638009075472	0.00669363084291	0.00653074618712	0.0069364560965	0.00377404058278
k__Bacteria;p__Planctomycetes;c__Phycisphaerae;o__mle1-8	7.70772313858e-06	1.2724799489e-06	1.03478748569e-05	0.0	3.29061024367e-05	7.45151931593e-05	1.44176148651e-06	0.000173785630314	2.51011156609e-05	0.0	9.11419674237e-05	3.25108098443e-05
k__Bacteria;p__Planctomycetes;c__Pla3;o__	0.000254354863573	0.000231591350699	0.000287670921023	0.000317554293711	0.000192866322615	0.000310276378073	7.20880743257e-06	0.000325990038562	0.00172863016518	2.16152273382e-05	0.000741564189492	0.00049230654907
k__Bacteria;p__Planctomycetes;c__Pla4;o__	0.000209509928949	6.74414372916e-05	0.000288705708509	0.000357921364945	0.000413154397261	0.000658421132997	3.46022756763e-05	0.00123012965771	0.000763073916092	0.000455884794768	0.00185183906538	0.000364121070256
k__Bacteria;p__Planctomycetes;c__Planctomycetia;o__B97	0.000133133399666	0.000236681270495	0.000231792396795	0.000331009984122	0.000218459957844	9.89464040311e-05	1.87428993247e-05	0.000137438308941	0.000190768479023	0.000161131694703	0.000190569568249	0.000156051887253
k__Bacteria;p__Planctomycetes;c__Planctomycetia;o__Gemmatales	0.0110535756828	0.0171224901924	0.0140027442564	0.0199924648134	0.00997968962233	0.00700687127806	0.00712230174338	0.00798959557926	0.00921712967069	0.0221850833316	0.00852315489301	0.0122138468184
k__Bacteria;p__Planctomycetes;c__Planctomycetia;o__Pirellulales	0.0208199616015	0.0119803987189	0.020144207984	0.0141742242794	0.0104714530421	0.00651824706062	0.00385815373791	0.00797255777236	0.010331619206	0.00504126052146	0.0101540437343	0.00908259139021
k__Bacteria;p__Planctomycetes;c__Planctomycetia;o__Planctomycetales	0.00322463108034	0.00377799296828	0.00404394949409	0.0012459969321	0.00247435609156	0.00249686975111	0.00150519899192	0.00227965856235	0.00153786168616	0.00403320491923	0.00158531785761	0.00129578799236
k__Bacteria;p__Planctomycetes;c__vadinHA49;o__DH61	0.000771473015962	0.000178147192846	0.000318714545594	0.000153394870691	0.000904917817009	0.00043854023515	0.000286910535816	0.000318039062012	0.00011379172433	0.0004480247121	0.000129808256634	2.78664084379e-05
k__Bacteria;p__Planctomycetes;c__vadinHA49;o__PHOS-HE93	5.60561682806e-06	7.63487969338e-06	5.58785242275e-05	1.07645523292e-05	1.64530512183e-05	9.16170407696e-05	3.89275601359e-05	0.000110177817911	2.84479310824e-05	0.0	5.10947393133e-05	9.28880281265e-07
k__Bacteria;p__Planctomycetes;c__vadinHA49;o__p04_C01	3.57358072789e-05	5.08991979559e-06	1.96609622282e-05	1.07645523292e-05	4.5702920051e-05	5.37486639182e-05	8.65056891908e-06	3.06680524083e-05	1.8407484818e-05	6.77932130151e-05	3.866628921e-05	5.57328168759e-06
k__Bacteria;p__Proteobacteria;c__;o__	7.77779334894e-05	6.74414372916e-05	0.000120035348341	0.000204526494254	0.000132538468148	0.000227210261109	1.44176148651e-05	0.000573606165414	0.000261051602874	8.05658473513e-05	0.000312092191481	0.000148620845002
k__Bacteria;p__Proteobacteria;c__Alphaproteobacteria;o__	0.00136917191025	0.00134246634609	0.00203853134682	0.00158508033047	0.00396518534362	0.00184699954191	0.000759808303393	0.00275330959399	0.0018089537353	0.00947631216711	0.0027011164891	0.00292225736486
k__Bacteria;p__Proteobacteria;c__Alphaproteobacteria;o__BD7-3	5.74575724876e-05	0.000165422393357	0.000183157384968	0.000126483489868	0.000192866322615	0.00024797679035	0.000162919047976	9.76834261894e-05	0.000143913063123	0.000148359060366	0.000215426468456	0.000185776056253
k__Bacteria;p__Proteobacteria;c__Alphaproteobacteria;o__Caulobacterales	0.00114354583292	0.00102689131876	0.000915786924839	0.00088000215291	0.00204749081828	0.00155382501145	0.00206460244869	0.00118015209082	0.000714545092481	0.00189722745409	0.00061727968846	0.000566616971572
k__Bacteria;p__Proteobacteria;c__Alphaproteobacteria;o__Ellin329	0.00222823268915	0.00118213387253	0.00192160036093	0.00135902473156	0.00352095296073	0.0020119102153	0.0015282671757	0.00253863322713	0.00208171919215	0.00579484594729	0.00227993012449	0.0014722752458
k__Bacteria;p__Proteobacteria;c__Alphaproteobacteria;o__Kiloniellales	1.75175525877e-05	0.0	6.20872491416e-06	0.0	0.0	1.22156054359e-06	1.44176148651e-06	0.0	8.36703855364e-06	1.9650206671e-06	8.28563340215e-06	2.78664084379e-06
k__Bacteria;p__Proteobacteria;c__Alphaproteobacteria;o__RF32	0.0	0.0	0.0	0.0	0.0	0.0	1.44176148651e-06	0.0	0.0	0.0	0.0	0.0
k__Bacteria;p__Proteobacteria;c__Alphaproteobacteria;o__Rhizobiales	0.0436670543885	0.0683805274938	0.0564362746823	0.058142038268	0.0686585827342	0.0493388303558	0.00838816832854	0.0664985603053	0.0564591027523	0.074765106342	0.0675417216165	0.104442369945
k__Bacteria;p__Proteobacteria;c__Alphaproteobacteria;o__Rhodobacterales	0.00162282607172	0.000843654206119	0.000984082898895	0.00126483489868	0.00201641283265	0.000790349671706	0.00166523451692	0.000853026198468	0.00149267967797	0.00064157924781	0.00201202797782	0.0018345385555
k__Bacteria;p__Proteobacteria;c__Alphaproteobacteria;o__Rhodospirillales	0.0130281542105	0.0149376421201	0.0146163732354	0.0178072606905	0.0134741348894	0.0118760116048	0.00162198167233	0.0133542330431	0.0108102138113	0.022253859055	0.0150025202135	0.0180630059495
k__Bacteria;p__Proteobacteria;c__Alphaproteobacteria;o__Rickettsiales	0.000959261179702	0.000598065575982	0.00342721615262	0.00163352081595	0.00147711837605	0.00113727286609	0.000945795535153	0.0012005974591	0.00173532379602	0.001505205831	0.00233931049721	0.00194321754841
k__Bacteria;p__Proteobacteria;c__Alphaproteobacteria;o__Sphingomonadales	0.00738540017097	0.00401467423877	0.00585275801909	0.00477138781991	0.0140207418132	0.00961368147809	0.014322458607	0.00775333799033	0.00782652786308	0.00367851868882	0.00490647591297	0.00506982857514
k__Bacteria;p__Proteobacteria;c__Betaproteobacteria;o__	0.0164083411578	0.00255004981759	0.00840868310875	0.0064291288786	0.00732892025937	0.00710459612155	0.0225880772092	0.00778514189654	0.0121974688035	0.0017714661314	0.00819172955693	0.00964270619981
k__Bacteria;p__Proteobacteria;c__Betaproteobacteria;o__A21b	1.89189567947e-05	0.000721496131025	0.000307331883251	2.6911380823e-05	0.00050181806216	0.000386013131776	3.89275601359e-05	0.00027033320271	5.68958621648e-05	0.0058184261953	4.14281670108e-06	7.43104225012e-06
k__Bacteria;p__Proteobacteria;c__Betaproteobacteria;o__Burkholderiales	0.0122608854072	0.0113568835439	0.0129006955841	0.0182055491267	0.0137428680593	0.0115083218812	0.0126211800529	0.0115380028283	0.019408182629	0.00520632225749	0.0123124512356	0.0112784643751
k__Bacteria;p__Proteobacteria;c__Betaproteobacteria;o__Ellin6067	0.00112742968454	0.00125848266946	0.00292534422206	0.001733092925	0.00368456941451	0.00475919987784	0.000715113697311	0.00595414558238	0.00192441886734	0.00105521609824	0.00240145274772	0.00070502013348
k__Bacteria;p__Proteobacteria;c__Betaproteobacteria;o__Gallionellales	1.47147441737e-05	6.36239974449e-06	1.44870247997e-05	8.07341424689e-06	7.31246720815e-06	2.44312108719e-06	2.88352297303e-06	1.81736606864e-05	1.67340771073e-06	4.91255166776e-06	3.03806558079e-05	1.20754436564e-05
k__Bacteria;p__Proteobacteria;c__Betaproteobacteria;o__Hydrogenophilales	7.00702103508e-07	2.54495989779e-06	1.24174498283e-05	0.0	1.82811680204e-06	1.22156054359e-06	4.32528445954e-06	0.0	0.0	0.0	1.24284501032e-05	2.78664084379e-06
k__Bacteria;p__Proteobacteria;c__Betaproteobacteria;o__IS-44	0.0018379416175	2.4177119029e-05	0.000827829988555	0.000417126402756	0.000164530512183	0.000304168575355	1.00923304056e-05	0.000293050278568	0.000568958621648	6.87757233487e-06	0.00180626808167	0.000364121070256
k__Bacteria;p__Proteobacteria;c__Betaproteobacteria;o__MKC10	0.0	0.0	0.0	0.0	0.0	0.0	0.000105248588516	1.1358537929e-06	0.0	0.0	0.0	0.0
k__Bacteria;p__Proteobacteria;c__Betaproteobacteria;o__MND1	0.00485586557731	0.00556964473632	0.00974045460284	0.00963965661078	0.00383173281707	0.00295373339441	0.000243657691221	0.012450093424	0.0106562603019	0.00274120383061	0.0170808332585	0.00936218435487
k__Bacteria;p__Proteobacteria;c__Betaproteobacteria;o__Methylophilales	0.000540942023908	0.00013870031443	0.000161426847768	0.000242202427407	0.000836363436933	0.000212551534585	0.00230393485545	0.000129487332391	6.35894930077e-05	0.000176851860039	7.45707006194e-05	5.9448338001e-05
k__Bacteria;p__Proteobacteria;c__Betaproteobacteria;o__Neisseriales	1.40140420702e-06	1.2724799489e-06	1.03478748569e-06	2.6911380823e-06	0.0	1.09940448923e-05	5.76704594606e-06	2.2717075858e-06	0.0	2.94753100066e-06	0.0	9.28880281265e-07
k__Bacteria;p__Proteobacteria;c__Betaproteobacteria;o__Nitrosomonadales	0.000726628081338	5.85340776493e-05	0.000169705147654	7.80430043866e-05	0.000237655184265	0.000318827301878	0.00471600182239	0.000188551729621	0.000112118316619	6.97582336822e-05	0.00011461792873	0.000144905323877
k__Bacteria;p__Proteobacteria;c__Betaproteobacteria;o__Procabacteriales	7.00702103508e-06	2.03596791824e-05	9.31308737125e-06	1.61468284938e-05	1.91952264214e-05	1.46587265231e-05	5.76704594606e-06	2.49887834438e-05	3.34681542146e-06	0.000141481488032	8.28563340215e-06	2.78664084379e-06
k__Bacteria;p__Proteobacteria;c__Betaproteobacteria;o__Rhodocyclales	0.000108608826044	0.000239226230393	0.00017073993514	0.000193761941925	0.000173671096194	0.000149030386319	0.00019031251622	0.000388461997172	0.000195788702155	0.000194537046043	0.00046399547052	0.000102176830939
k__Bacteria;p__Proteobacteria;c__Betaproteobacteria;o__SBla14	5.81582745911e-05	2.92670388246e-05	3.62175619993e-05	1.34556904115e-05	2.92498688326e-05	7.32936326157e-06	1.44176148651e-05	4.5434151716e-06	1.67340771073e-06	1.57201653368e-05	9.66657230251e-06	4.64440140632e-06
k__Bacteria;p__Proteobacteria;c__Betaproteobacteria;o__SC-I-84	0.00254004512522	0.00806243295621	0.00403877555666	0.0069458273904	0.00585088782492	0.00929241105512	0.00154556831354	0.00942645062728	0.00322130984315	0.00265867296259	0.00523652031016	0.00443075894163
k__Bacteria;p__Proteobacteria;c__Betaproteobacteria;o__Thiobacterales	1.40140420702e-06	0.0	1.03478748569e-06	0.0	0.0	0.0	0.0	0.0	0.0	0.0	0.0	0.0
k__Bacteria;p__Proteobacteria;c__Deltaproteobacteria;o__	0.000207407822638	0.000156515033714	0.000144870247997	0.000382141607686	0.000432349623682	0.000939380058024	0.000999140710154	0.000699685936426	0.000498675497797	0.00064157924781	0.00138093890036	0.000738459823606
k__Bacteria;p__Proteobacteria;c__Deltaproteobacteria;o__AF420338	0.0	0.0	0.0	0.0	0.0	0.0	0.0	0.0	0.0	0.0	0.0	1.85776056253e-06
k__Bacteria;p__Proteobacteria;c__Deltaproteobacteria;o__BPC076	7.00702103508e-07	0.0	0.0	0.0	0.0	0.0	0.0	0.0	0.0	0.0	0.0	0.0
k__Bacteria;p__Proteobacteria;c__Deltaproteobacteria;o__Bdellovibrionales	0.0010987008983	0.00133101402655	0.00110101388478	0.00131058424608	0.00300816619775	0.00144144144144	0.00310843776492	0.00203431414308	0.00100237121873	0.00132835397096	0.00188912441569	0.00118432235861
k__Bacteria;p__Proteobacteria;c__Deltaproteobacteria;o__Desulfarculales	7.00702103508e-07	0.0	0.0	0.0	0.0	0.0	0.0	0.0	0.0	0.0	0.0	9.28880281265e-07
k__Bacteria;p__Proteobacteria;c__Deltaproteobacteria;o__Desulfobacterales	4.90491472455e-06	1.52697593868e-05	1.3452237314e-05	0.0	1.82811680204e-06	0.0	1.44176148651e-06	7.9509765503e-06	3.34681542146e-06	0.0	1.51903279039e-05	7.43104225012e-06
k__Bacteria;p__Proteobacteria;c__Deltaproteobacteria;o__Desulfovibrionales	7.00702103508e-07	0.0	2.06957497139e-06	0.0	0.0	0.0	0.0	0.0	0.0	0.0	0.0	0.0
k__Bacteria;p__Proteobacteria;c__Deltaproteobacteria;o__Desulfuromonadales	0.000208809226845	0.000909823163462	0.000395288819535	0.00179229796281	0.000368365535611	0.000140479462513	0.000196079562166	0.000600866656444	0.000110444908908	0.0013558642603	0.00317754040972	0.000535035042009
k__Bacteria;p__Proteobacteria;c__Deltaproteobacteria;o__FAC87	4.90491472455e-05	3.05395187735e-05	1.13826623426e-05	3.22936569875e-05	0.000158132103376	0.000168575355016	4.7578129055e-05	0.000119264648254	5.02022313218e-05	0.000244645073055	6.76660061176e-05	2.32220070316e-05
k__Bacteria;p__Proteobacteria;c__Deltaproteobacteria;o__GMD14H09	0.0	0.0	0.0	0.0	9.14058401019e-07	0.0	6.63210283796e-05	0.0	0.0	0.0	0.0	0.0
k__Bacteria;p__Proteobacteria;c__Deltaproteobacteria;o__MBNT15	0.0	1.2724799489e-06	2.06957497139e-06	0.0	1.82811680204e-06	0.0	0.0	0.0	0.0	0.0	0.0	9.28880281265e-07
k__Bacteria;p__Proteobacteria;c__Deltaproteobacteria;o__MIZ46	0.000814215844276	0.000562436137413	0.000971665449067	0.000966118571544	0.00137017354313	0.000765918460834	0.00201269903517	0.000823493999852	0.000592386329598	0.000988405395554	0.000410138853406	0.000730099901074
k__Bacteria;p__Proteobacteria;c__Deltaproteobacteria;o__Myxococcales	0.0192580966128	0.0238080998439	0.0204060092179	0.0357571516995	0.033387811214	0.0391058176821	0.0306475239188	0.038962056804	0.0387226544262	0.030021585752	0.0462545484675	0.02840144348
k__Bacteria;p__Proteobacteria;c__Deltaproteobacteria;o__NB1-j	0.00212943369256	0.000961994841366	0.000853699675698	0.00314863155629	0.000743129480029	0.000943044739655	6.05539824336e-05	0.00178783387002	0.00366476288649	2.55452686724e-05	0.00677902906186	0.00539400779331
k__Bacteria;p__Proteobacteria;c__Deltaproteobacteria;o__PB19	4.20421262105e-06	3.81743984669e-06	8.27829988555e-06	5.38227616459e-06	8.22652560917e-06	0.0	0.0	0.0	1.17138539751e-05	0.0	1.24284501032e-05	9.28880281265e-06
k__Bacteria;p__Proteobacteria;c__Deltaproteobacteria;o__Spirobacillales	0.00133203469877	7.50763169849e-05	0.000176948660054	5.65138997282e-05	0.0021535215928	0.000433653992976	0.000569495787173	0.000151068554456	0.000187421663602	1.47376550033e-05	5.93803727154e-05	0.000143976443596
k__Bacteria;p__Proteobacteria;c__Deltaproteobacteria;o__Syntrophobacterales	0.0289474053001	0.00656472405636	0.013055913707	0.0144998519874	0.0222216737872	0.0260119102153	0.00123414783246	0.0202534089812	0.0345056669952	0.0305855466835	0.0209750809575	0.0436072136843
k__Bacteria;p__Proteobacteria;c__Deltaproteobacteria;o__[Entotheonellales]	0.0062124248497	0.00259585909575	0.00317783236857	0.00313248472779	0.00459771375713	0.00214139563292	0.000217705984464	0.00348593529041	0.00899623985287	4.91255166776e-05	0.00738940405582	0.00766233344015
k__Bacteria;p__Proteobacteria;c__Epsilonproteobacteria;o__Campylobacterales	2.80280841403e-06	2.54495989779e-06	7.24351239986e-06	8.07341424689e-06	3.65623360408e-06	1.22156054359e-05	4.32528445954e-06	4.5434151716e-06	6.69363084291e-06	1.9650206671e-06	2.89997169075e-05	3.71552112506e-06
k__Bacteria;p__Proteobacteria;c__Gammaproteobacteria;o__	0.000475776728282	8.52561565761e-05	0.000265940383823	0.000263731532065	0.000848246196146	0.00013925790197	0.000167244332436	0.000608817632994	0.000311253834195	0.000127726343362	0.000787135173204	0.000259157598473
k__Bacteria;p__Proteobacteria;c__Gammaproteobacteria;o__34P16	0.00021581624788	1.2724799489e-06	0.0	0.0	9.2319898503e-05	1.83234081539e-05	4.32528445954e-06	1.1358537929e-06	0.0	0.0	0.0	0.0
k__Bacteria;p__Proteobacteria;c__Gammaproteobacteria;o__Acidithiobacillales	0.000248048544642	0.000192144472283	0.000180053022511	0.000228746736995	0.000175499212996	0.000147808825775	2.01846608112e-05	0.000253295395817	0.000155626917098	2.8492799673e-05	0.000244426185363	5.20172957508e-05
k__Bacteria;p__Proteobacteria;c__Gammaproteobacteria;o__Aeromonadales	7.14716145578e-05	2.79945588757e-05	1.24174498283e-05	4.5749347399e-05	7.67809056856e-05	0.0	0.001549893598	9.31400110178e-05	8.36703855364e-06	3.24228410072e-05	1.38093890036e-06	1.11465633752e-05
k__Bacteria;p__Proteobacteria;c__Gammaproteobacteria;o__Alteromonadales	0.00235225696148	0.00061206285542	0.000992361198781	0.00114104254689	0.00109047167242	0.000238204306001	0.00553203882375	0.000798505216409	0.000490308459243	0.000364511333748	0.000704278839183	0.000350187866037
k__Bacteria;p__Proteobacteria;c__Gammaproteobacteria;o__Chromatiales	0.00132993259246	2.79945588757e-05	0.000128313648226	0.000166850561102	0.000142593110559	6.47427088105e-05	0.000831896377718	9.0868303432e-05	0.00106930752716	5.89506200131e-06	0.000138093890036	0.00091773371789
k__Bacteria;p__Proteobacteria;c__Gammaproteobacteria;o__Enterobacteriales	9.73975923876e-05	2.54495989779e-05	5.17393742847e-05	0.000226055598913	2.92498688326e-05	7.32936326157e-06	0.000148501433111	2.49887834438e-05	1.8407484818e-05	4.91255166776e-06	9.66657230251e-06	9.28880281265e-06
k__Bacteria;p__Proteobacteria;c__Gammaproteobacteria;o__HOC36	0.0	0.0	0.0	0.0	9.14058401019e-07	0.0	0.0	0.0	0.0	0.0	0.0	0.0
k__Bacteria;p__Proteobacteria;c__Gammaproteobacteria;o__HTCC2188	0.000381181944308	0.000848744125914	0.000403567119421	0.000667402244409	0.000948792620258	0.00139990838296	8.79474506773e-05	0.00120514087427	0.000558918175383	0.000911769589537	0.00110060830359	0.00102919935164
k__Bacteria;p__Proteobacteria;c__Gammaproteobacteria;o__Legionellales	0.000861863587314	0.000489904780325	0.00051428938039	0.000721225006055	0.000873839831375	0.00107863795999	0.00145329557841	0.001343715037	0.000538837282854	0.000744742832833	0.000838229912518	0.00115181154877
k__Bacteria;p__Proteobacteria;c__Gammaproteobacteria;o__Methylococcales	1.61161483807e-05	0.0	5.58785242275e-05	0.0	9.14058401019e-07	0.0	0.0	0.0	0.0	0.0	0.0	6.50216196885e-06
k__Bacteria;p__Proteobacteria;c__Gammaproteobacteria;o__Oceanospirillales	0.000141541824909	1.52697593868e-05	2.17305371996e-05	5.38227616459e-05	7.22106136805e-05	0.0	3.31605141898e-05	3.4075613787e-05	3.34681542146e-06	9.23559713539e-05	0.0	9.28880281265e-06
k__Bacteria;p__Proteobacteria;c__Gammaproteobacteria;o__PYR10d3	5.60561682806e-05	1.90871992335e-05	5.69133117132e-05	5.38227616459e-06	3.65623360408e-06	6.22995877233e-05	1.00923304056e-05	1.1358537929e-05	4.51820081897e-05	0.0	3.4523472509e-05	1.30043239377e-05
k__Bacteria;p__Proteobacteria;c__Gammaproteobacteria;o__Pasteurellales	3.50351051754e-06	0.0	0.0	0.0	9.14058401019e-07	7.32936326157e-06	0.0	2.2717075858e-06	0.0	9.82510333552e-07	1.38093890036e-06	7.43104225012e-06
k__Bacteria;p__Proteobacteria;c__Gammaproteobacteria;o__Pseudomonadales	0.00127667923259	9.41635162184e-05	0.00127382339489	0.000468258026319	0.00113434647567	0.000748816613223	0.00122838078651	0.0014084587032	0.000617487445259	0.000142463998365	0.00034661566399	0.000592625619447
k__Bacteria;p__Proteobacteria;c__Gammaproteobacteria;o__Salinisphaerales	0.0	0.0	0.0	0.0	0.0	0.0	1.44176148651e-06	0.0	0.0	0.0	0.0	0.0
k__Bacteria;p__Proteobacteria;c__Gammaproteobacteria;o__Thiotrichales	0.00582984150118	0.000766032929236	0.00402014938192	0.00314055814204	0.00193506163496	0.00240891739197	0.000700696082446	0.0041753985427	0.00696472289205	0.000757515467169	0.00544642302301	0.00380004923065
k__Bacteria;p__Proteobacteria;c__Gammaproteobacteria;o__Xanthomonadales	0.0383984752722	0.0110603957158	0.0226939243488	0.0209047606233	0.0305862222149	0.0418298976943	0.210198732403	0.0349615797455	0.0336974110709	0.00832088001486	0.0321869238896	0.0391086464821
k__Bacteria;p__Proteobacteria;c__Gammaproteobacteria;o__[Marinicellales]	3.78379135894e-05	1.2724799489e-06	1.24174498283e-05	2.96025189052e-05	1.27968176143e-05	0.0	0.0	0.000118128794462	5.68958621648e-05	0.0	0.000142236706737	1.11465633752e-05
k__Bacteria;p__Proteobacteria;c__TA18;o__CV90	1.05105315526e-05	1.65422393357e-05	1.3452237314e-05	1.61468284938e-05	6.48981464724e-05	6.10780271797e-05	2.59517067572e-05	4.65700055089e-05	5.18756390326e-05	1.17901240026e-05	5.10947393133e-05	1.48620845002e-05
k__Bacteria;p__Proteobacteria;c__TA18;o__PHOS-HD29	2.45245736228e-05	6.36239974449e-06	9.31308737125e-06	8.07341424689e-06	0.000105116716117	5.00839822874e-05	4.46946060819e-05	3.86190289586e-05	1.17138539751e-05	2.65277790059e-05	1.24284501032e-05	1.85776056253e-06
k__Bacteria;p__Proteobacteria;c__Zetaproteobacteria;o__Mariprofundales	2.10210631052e-06	0.0	0.0	8.07341424689e-06	9.14058401019e-07	1.22156054359e-06	0.0	0.0	1.67340771073e-06	0.0	0.0	0.0
k__Bacteria;p__SBR1093;c__;o__	1.61161483807e-05	0.0	0.0	2.6911380823e-06	9.14058401019e-07	0.0	0.0	0.0	1.67340771073e-05	0.0	0.0	0.0
k__Bacteria;p__SBR1093;c__VHS-B5-50;o__	1.40140420702e-06	0.0	1.03478748569e-06	0.0	0.0	0.0	0.0	0.0	0.0	0.0	0.0	0.0
k__Bacteria;p__SR1;c__;o__	0.0	5.08991979559e-06	1.03478748569e-06	0.0	1.73671096194e-05	0.0	1.44176148651e-06	0.0	6.69363084291e-06	0.0	4.14281670108e-06	0.0
k__Bacteria;p__Spirochaetes;c__Spirochaetes;o__Spirochaetales	9.66968902841e-05	0.000122158075094	4.24262869135e-05	8.34252805511e-05	3.38201608377e-05	6.10780271797e-06	1.44176148651e-06	6.13361048166e-05	1.67340771073e-06	0.000253487666057	0.000103570417527	7.05949013761e-05
k__Bacteria;p__Spirochaetes;c__[Leptospirae];o__[Leptospirales]	1.89189567947e-05	9.28910362695e-05	8.7956936284e-05	7.80430043866e-05	2.01092848224e-05	6.59642693541e-05	1.44176148651e-06	8.17814730888e-05	2.51011156609e-05	2.16152273382e-05	6.21422505161e-05	3.90129718131e-05
k__Bacteria;p__Synergistetes;c__Synergistia;o__Synergistales	1.40140420702e-06	0.0	0.0	0.0	0.0	0.0	0.0	0.0	0.0	0.0	0.0	0.0
k__Bacteria;p__TM6;c__SBRH58;o__	2.80280841403e-06	0.0	4.13914994278e-06	0.0	1.82811680204e-06	6.10780271797e-06	0.0	2.2717075858e-06	0.0	0.0	4.14281670108e-06	2.78664084379e-06
k__Bacteria;p__TM6;c__SJA-4;o__	0.000183583951119	0.000148880154021	0.000106583111026	0.000126483489868	0.000323576673961	0.000571690334402	9.22727351369e-05	0.000280555886846	0.000132199209148	0.000192572025376	0.000280330596773	0.00028609512663
k__Bacteria;p__TM6;c__SJA-4;o__S1198	2.10210631052e-06	2.54495989779e-06	4.13914994278e-06	0.0	0.0	1.09940448923e-05	2.88352297303e-06	5.6792689645e-06	0.0	3.93004133421e-06	1.38093890036e-05	2.78664084379e-06
k__Bacteria;p__TM6;c__SJA-4;o__YJF2-48	0.0	0.0	0.0	0.0	0.0	0.0	0.0	0.0	1.67340771073e-06	0.0	0.0	0.0
k__Bacteria;p__TM7;c__;o__	0.0	0.0	0.0	0.0	0.0	0.0	2.45099452707e-05	0.0	1.67340771073e-06	0.0	0.0	1.85776056253e-06
k__Bacteria;p__TM7;c__MJK10;o__	1.40140420702e-06	0.0	1.03478748569e-06	0.0	9.14058401019e-07	3.66468163078e-06	0.0	1.1358537929e-06	6.69363084291e-06	0.0	1.38093890036e-05	2.78664084379e-06
k__Bacteria;p__TM7;c__SC3;o__	0.000109309528147	1.90871992335e-05	5.89828866846e-05	3.22936569875e-05	0.000104202657716	4.03114979386e-05	3.74857986494e-05	3.97548827515e-05	2.00808925287e-05	1.37551446697e-05	4.55709837118e-05	0.000132829880221
k__Bacteria;p__TM7;c__TM7-1;o__	2.10210631052e-06	0.0	1.03478748569e-06	0.0	1.37108760153e-05	2.56527714155e-05	6.05539824336e-05	3.4075613787e-06	1.8407484818e-05	5.89506200131e-06	4.28091059111e-05	2.41508873129e-05
k__Bacteria;p__TM7;c__TM7-3;o__	1.40140420702e-06	0.0	0.0	0.0	0.0	3.66468163078e-06	1.87428993247e-05	1.1358537929e-06	1.67340771073e-06	0.0	0.0	9.28880281265e-07
k__Bacteria;p__TM7;c__TM7-3;o__EW055	0.0	0.0	0.0	0.0	0.0	0.0	1.44176148651e-06	0.0	1.67340771073e-06	0.0	1.38093890036e-06	0.0
k__Bacteria;p__TM7;c__TM7-3;o__I025	0.0	0.0	0.0	0.0	1.82811680204e-06	0.0	1.00923304056e-05	0.0	1.67340771073e-06	0.0	0.0	0.0
k__Bacteria;p__Tenericutes;c__Mollicutes;o__	7.70772313858e-06	7.63487969338e-06	5.17393742847e-06	2.6911380823e-06	9.14058401019e-06	4.88624217438e-05	0.0	2.2717075858e-05	1.8407484818e-05	0.000235802480053	4.14281670108e-06	6.50216196885e-06
k__Bacteria;p__Tenericutes;c__Mollicutes;o__Anaeroplasmatales	3.99400198999e-05	0.000227773910853	0.000522567680276	0.000201835356172	9.3233956904e-05	9.40601618568e-05	8.65056891908e-06	0.000315767354426	0.000403291258285	0.000745725343166	0.000604851238357	0.000356690028006
k__Bacteria;p__Tenericutes;c__Mollicutes;o__Entomoplasmatales	0.0	0.0	0.0	0.0	0.0	0.0	0.0	0.0	0.0	9.82510333552e-07	0.0	0.0
k__Bacteria;p__Tenericutes;c__Mollicutes;o__Mycoplasmatales	0.0	0.0	0.0	0.0	0.0	0.0	1.44176148651e-06	0.0	0.0	0.0	0.0	0.0
k__Bacteria;p__Tenericutes;c__Mollicutes;o__RF39	0.0	0.0	0.0	0.0	0.0	1.22156054359e-06	0.0	0.0	0.0	0.0	0.0	0.0
k__Bacteria;p__Tenericutes;c__RF3;o__ML615J-28	7.00702103508e-07	0.0	0.0	0.0	0.0	1.22156054359e-06	0.0	0.0	0.0	0.0	0.0	1.85776056253e-06
k__Bacteria;p__Verrucomicrobia;c__;o__	4.62463388315e-05	3.6901918518e-05	2.89740495994e-05	3.49847950698e-05	3.38201608377e-05	5.00839822874e-05	1.00923304056e-05	1.59019531006e-05	2.84479310824e-05	1.9650206671e-06	2.34759613061e-05	3.52974506881e-05
k__Bacteria;p__Verrucomicrobia;c__Opitutae;o__	9.2492677663e-05	2.4177119029e-05	0.000198679197253	0.000148012594526	9.14058401019e-06	3.66468163078e-06	2.88352297303e-06	6.8151227574e-06	0.000112118316619	9.82510333552e-07	1.79522057047e-05	2.97241690005e-05
k__Bacteria;p__Verrucomicrobia;c__Opitutae;o__Opitutales	0.00406477290245	0.00262767109447	0.00343652923999	0.00336661374095	0.0070802963743	0.0049961826233	0.0054311155197	0.00417767025029	0.00305229566437	0.00708095197391	0.00335291965007	0.00160046072462
k__Bacteria;p__Verrucomicrobia;c__Opitutae;o__[Cerasicoccales]	0.000100200400802	6.36239974449e-06	1.03478748569e-06	8.07341424689e-06	1.37108760153e-05	1.71018476103e-05	4.32528445954e-06	4.77058593018e-05	6.19160852969e-05	4.42129650099e-05	2.76187780072e-06	2.78664084379e-06
k__Bacteria;p__Verrucomicrobia;c__Verruco-5;o__LD1-PB3	0.0	6.36239974449e-06	2.06957497139e-06	0.0	2.74217520306e-06	2.44312108719e-06	0.0	1.70378068935e-05	0.0	1.08076136691e-05	6.90469450179e-06	0.0
k__Bacteria;p__Verrucomicrobia;c__Verruco-5;o__WCHB1-41	1.40140420702e-06	6.36239974449e-06	3.10436245708e-06	0.0	1.37108760153e-05	1.58802870667e-05	5.76704594606e-06	1.1358537929e-05	1.00404462644e-05	4.91255166776e-06	2.76187780072e-06	9.28880281265e-06
k__Bacteria;p__Verrucomicrobia;c__Verrucomicrobiae;o__Verrucomicrobiales	0.00552924029878	0.00329063314785	0.00388148785884	0.00253236093544	0.00461508086675	0.0027179722095	0.0123919399766	0.00649821954918	0.00401952532117	0.00141088483898	0.00344820443419	0.00169241987246
k__Bacteria;p__Verrucomicrobia;c__[Methylacidiphilae];o__Methylacidiphilales	6.30631893157e-06	5.08991979559e-06	6.20872491416e-06	8.07341424689e-06	5.48435040612e-06	2.44312108719e-06	0.0	1.59019531006e-05	3.34681542146e-06	8.64609093526e-05	4.14281670108e-06	9.28880281265e-07
k__Bacteria;p__Verrucomicrobia;c__[Methylacidiphilae];o__S-BQ2-57	2.10210631052e-05	0.000271038229115	6.31220366273e-05	8.34252805511e-05	0.000380248294824	0.000279737364483	2.73934682438e-05	0.000153340262041	2.17543002395e-05	0.000680879661152	4.41900448115e-05	3.34396901255e-05
k__Bacteria;p__Verrucomicrobia;c__[Pedosphaerae];o__[Pedosphaerales]	0.0556105217428	0.0555679268884	0.0542094120131	0.0374821712102	0.0469780315204	0.0678747900443	0.0212847248254	0.0781490126591	0.0714427953941	0.0737059602024	0.084734410926	0.027936074459
k__Bacteria;p__Verrucomicrobia;c__[Spartobacteria];o__[Chthoniobacterales]	0.0346216909343	0.17255973339	0.0380656924487	0.0363088350063	0.146747505992	0.132378072988	0.0244638089032	0.087895774056	0.0469223522088	0.171646520292	0.0347154230161	0.0593870319024
k__Bacteria;p__WPS-2;c__;o__	2.80280841403e-06	3.30844786713e-05	2.06957497139e-06	5.38227616459e-06	2.10233432234e-05	3.78683768514e-05	0.000138409102705	2.38529296509e-05	1.50606693966e-05	9.72685230217e-05	6.90469450179e-06	8.35992253138e-06
k__Bacteria;p__WS1;c__;o__	7.00702103508e-07	0.0	0.0	0.0	0.0	0.0	0.0	0.0	0.0	0.0	0.0	0.0
k__Bacteria;p__WS2;c__SHA-109;o__	4.5545636728e-05	2.4177119029e-05	2.3800112171e-05	5.38227616459e-06	5.57575624622e-05	1.34371659795e-05	1.44176148651e-06	2.95321986154e-05	1.67340771073e-05	1.9650206671e-06	1.9333144605e-05	3.71552112506e-06
k__Bacteria;p__WS3;c__PRR-12;o__	7.00702103508e-07	0.0	1.13826623426e-05	5.38227616459e-06	0.0	1.22156054359e-06	0.0	0.0	6.02426775862e-05	0.0	2.48569002065e-05	0.0
k__Bacteria;p__WS3;c__PRR-12;o__LD1-PA13	0.00091091273456	0.000185782072539	0.000784368914156	0.000605506068516	0.00177144518118	0.00318460833715	0.000125433249327	0.00199115169895	0.000691117384531	0.000939279878876	0.00274116371721	6.03772182822e-05
k__Bacteria;p__WS3;c__PRR-12;o__Sediment-1	0.00640651933237	0.0054258545021	0.00859494485617	0.0121343416131	0.00384909992669	0.00666727744694	0.000269609397978	0.00792258020548	0.0108286212961	0.0035989353518	0.0122447852295	0.0081509244681
k__Bacteria;p__WS3;c__PRR-12;o__wb1_H11	0.000114214442872	1.78147192846e-05	6.20872491416e-05	0.000312172017546	5.21013288581e-05	4.88624217438e-06	0.0	8.29173268817e-05	0.000125505578305	9.82510333552e-07	0.000814753951211	0.000101247950658
k__Bacteria;p__WS4;c__;o__	0.0	0.0	2.06957497139e-06	0.0	0.0	0.0	0.0	0.0	1.67340771073e-06	0.0	0.0	0.0
k__Bacteria;p__[Thermi];c__Deinococci;o__Deinococcales	0.0	0.0	0.0	2.6911380823e-06	3.65623360408e-06	0.0	0.00031862928852	1.1358537929e-06	0.0	0.0	0.0	9.28880281265e-07
k__Bacteria;p__[Thermi];c__Deinococci;o__Thermales	0.0	0.0	0.0	0.0	9.14058401019e-07	0.0	0.0	0.0	0.0	0.0	0.0	0.0